65 40
67 46
69 39
33 47
85 48
68 61
47 94
38 77
72 48
98 54
65 11
92 75
53 36
59 20
35 55
0 83
16 46
80 0
98 49
44 6
54 25
36 35
15 37
46 33
73 15
21 63
69 12
14 92
57 55
97 90
15 95
19 30
97 51
90 18
3 94
54 90
52 72
63 35
62 39
22 21
72 9
5 8
9 1
17 74
47 67
34 98
53 18
50 76
52 16
38 99
8 32
77 47
95 0
33 29
78 24
87 0
14 19
38 49
65 58
59 53
57 97
87 17
17 15
2 13
95 25
94 61
52 99
39 90
66 13
30 65
71 87
76 30
47 24
36 94
40 4
71 56
56 29
99 5
58 22
98 2
9 89
57 71
33 99
80 97
55 73
95 76
39 1
65 34
91 97
12 99
23 31
62 81
84 66
11 3
50 48
38 65
81 73
84 10
29 15
78 82
