98 65
4 4
80 82
23 77
99 37
50 54
88 83
47 90
95 45
24 7
67 35
9 68
96 20
43 72
9 80
16 11
89 54
8 82
9 76
52 59
66 56
37 33
28 84
47 93
8 99
43 90
82 89
97 43
63 9
78 26
64 46
57 47
62 36
16 45
97 48
46 88
86 1
91 84
6 8
35 77
75 23
54 28
33 17
80 80
13 93
52 96
73 48
62 96
41 96
42 94
4 70
91 40
26 34
15 51
52 85
19 74
60 16
55 94
47 99
80 60
4 0
73 53
83 38
35 10
30 80
59 17
91 94
21 62
94 81
87 65
28 26
95 22
8 73
72 27
13 59
14 34
0 90
17 90
67 19
64 48
10 37
54 25
41 20
93 47
47 72
17 83
89 87
47 68
38 60
42 49
45 73
46 31
44 56
64 95
28 73
89 11
40 47
10 23
71 64
50 58
16 30
86 52
52 44
38 66
14 8
33 8
25 66
63 83
60 56
29 7
30 99
73 2
25 91
14 6
19 59
54 63
13 47
14 77
28 21
62 9
13 9
17 13
89 76
3 33
80 16
33 95
33 46
97 6
47 43
92 59
59 51
55 80
94 47
53 85
57 22
57 64
57 59
6 60
40 61
24 29
17 22
1 82
58 76
97 75
0 17
38 57
55 5
87 23
28 86
62 98
7 35
52 40
81 18
75 68
6 23
7 29
94 32
86 81
52 2
25 40
56 19
80 65
33 66
72 20
26 84
2 89
75 33
58 20
58 10
78 18
11 15
48 26
79 0
55 99
60 52
57 1
97 27
56 75
47 29
50 40
45 61
70 92
84 66
81 93
14 27
97 77
8 10
99 63
85 12
7 97
52 71
84 72
85 11
1 34
49 1
19 55
88 5
63 67
86 35
71 90
48 93
21 38
43 55
32 45
3 87
73 63
94 49
23 66
95 81
54 46
13 12
57 80
67 69
56 61
30 61
69 16
40 28
41 52
91 17
70 63
1 76
62 4
18 64
6 78
44 40
60 72
13 1
34 72
6 99
88 11
55 38
35 15
79 89
55 92
21 82
58 39
59 29
46 56
74 70
53 70
59 92
99 68
84 59
68 26
10 48
98 16
33 52
17 38
0 26
25 22
99 13
60 41
6 97
73 12
16 9
4 50
16 41
19 42
19 24
36 47
26 97
35 61
29 65
79 14
84 29
84 33
16 22
60 11
9 24
86 84
24 35
18 31
68 87
39 60
77 87
29 78
46 92
83 90
34 91
8 74
53 80
40 33
29 73
61 26
17 94
7 48
68 86
41 1
9 66
16 49
74 16
61 4
43 83
58 38
4 25
77 27
45 97
97 32
17 46
53 12
89 51
86 98
86 49
39 51
50 10
43 55
90 99
66 85
28 12
84 98
88 11
78 20
75 62
35 83
24 65
78 29
97 7
16 57
73 92
65 53
76 51
46 18
34 36
97 84
65 25
84 85
28 9
55 10
0 57
97 9
90 10
1 49
57 7
89 67
22 31
23 81
53 89
57 36
41 12
26 77
91 65
23 72
99 27
76 25
91 97
36 84
48 69
70 47
30 25
37 64
84 70
4 84
56 85
14 26
76 93
13 77
88 8
97 22
66 57
24 0
96 26
72 4
93 87
21 7
87 38
23 41
7 21
21 21
5 69
19 3
29 28
70 72
19 93
74 24
91 39
5 16
76 23
25 62
46 50
9 22
12 19
52 82
67 16
7 22
1 34
14 64
22 81
28 58
89 30
26 57
65 61
9 88
2 66
91 38
93 31
11 56
34 6
64 26
1 35
76 91
55 77
77 72
3 33
40 69
84 90
61 22
37 63
81 9
90 98
97 67
12 87
56 16
60 9
67 38
8 42
68 73
19 20
53 41
83 78
46 84
63 45
54 47
21 97
52 78
0 96
76 46
79 52
22 83
6 94
73 6
49 81
41 24
30 25
29 79
29 62
2 85
3 32
54 79
91 0
72 68
73 98
64 94
92 80
13 76
37 67
66 8
42 13
38 67
63 79
91 15
12 44
20 96
54 85
45 63
83 22
79 58
92 13
65 52
85 70
51 24
60 63
61 83
41 12
22 71
10 73
61 73
57 99
63 51
46 9
79 94
59 64
30 5
85 77
55 87
81 73
74 62
27 49
15 21
22 4
10 11
72 29
0 28
86 53
85 19
23 68
11 97
13 11
1 69
61 30
45 92
1 91
79 99
35 59
20 43
23 63
6 68
59 34
4 53
19 13
88 15
68 31
39 15
65 58
88 85
3 77
17 79
92 35
46 87
27 92
4 20
46 47
65 66
98 40
41 39
98 35
28 92
13 28
21 21
61 88
75 98
76 84
53 87
30 37
75 13
55 80
62 21
87 90
33 0
90 67
10 71
65 23
51 45
34 25
58 7
79 63
65 55
18 21
10 13
20 77
86 77
51 19
64 65
68 18
36 6
49 31
21 56
19 65
20 8
20 16
54 92
22 62
79 17
83 86
44 76
24 15
18 17
60 73
80 69
43 30
23 65
98 84
12 59
93 97
18 21
34 99
44 17
91 44
93 79
71 81
14 53
41 63
32 46
1 34
83 68
23 14
66 93
78 6
64 4
9 3
46 5
20 33
6 49
13 55
71 82
88 37
54 79
56 81
8 83
7 67
17 23
17 70
17 17
31 14
25 70
53 19
64 12
66 45
18 76
8 54
93 38
88 18
94 79
87 9
46 22
88 26
29 22
28 14
88 2
87 18
46 26
9 93
44 9
73 61
61 48
61 13
94 66
70 51
71 0
77 8
30 63
34 40
69 4
20 46
70 23
18 99
17 67
48 26
17 33
52 72
87 35
82 56
64 27
79 34
93 51
34 80
31 15
13 66
87 70
85 14
12 93
2 2
60 46
42 96
65 95
60 70
15 97
82 23
41 56
34 94
67 28
91 82
79 94
67 58
76 11
44 46
18 36
37 69
4 70
55 68
90 48
96 75
39 55
90 3
22 94
35 23
7 18
79 87
48 55
22 74
60 8
12 90
72 43
27 10
13 72
16 55
81 52
72 75
17 53
72 30
54 24
26 81
95 66
86 13
71 95
46 0
35 32
66 75
18 54
86 67
86 44
44 15
78 74
80 26
82 54
51 25
71 3
64 24
16 75
33 30
0 53
49 58
32 12
44 75
79 11
12 46
29 65
23 62
9 54
89 12
98 87
47 57
59 94
16 77
58 70
99 89
6 38
25 31
89 67
12 51
40 63
45 22
80 39
30 19
57 9
10 86
5 63
5 40
27 34
27 94
49 34
92 89
14 37
9 70
40 42
66 12
65 5
67 30
84 64
4 93
87 95
36 98
7 23
36 44
67 3
19 64
12 8
49 48
1 75
14 93
30 5
92 80
74 67
76 44
53 57
45 46
55 71
69 97
47 94
8 47
91 52
30 8
16 92
1 97
97 20
99 83
35 11
44 29
75 53
11 31
3 97
81 45
1 78
59 0
38 33
54 83
35 74
72 8
62 5
40 48
18 43
68 20
2 45
34 82
59 12
25 95
53 14
5 82
53 92
30 85
64 16
65 63
82 36
35 54
83 28
86 65
70 29
2 52
85 78
0 74
40 32
49 68
61 36
32 93
22 63
84 2
77 42
97 50
73 79
89 24
58 96
92 60
75 29
59 23
2 7
12 59
84 4
23 18
49 76
11 98
10 86
7 25
97 39
98 54
0 50
82 40
62 38
97 93
11 76
13 81
10 20
33 8
8 64
67 78
82 42
81 97
35 59
59 4
51 57
13 2
7 6
72 45
42 69
42 40
72 69
80 67
69 28
88 1
84 58
14 78
24 29
78 42
38 55
74 78
68 65
82 2
62 75
29 22
47 34
93 93
75 89
19 59
10 31
96 42
39 31
39 47
74 89
66 66
43 21
6 59
44 98
35 14
48 28
4 17
65 96
45 61
55 83
70 30
67 58
37 11
50 10
62 81
42 36
6 51
97 78
14 51
83 42
2 42
71 74
22 9
52 80
87 66
2 12
81 57
6 57
55 40
50 89
52 9
98 4
49 62
34 89
7 98
53 73
74 10
53 0
86 74
0 98
37 45
58 76
85 78
36 67
19 9
89 76
16 25
55 17
43 44
68 23
32 4
97 64
99 22
75 95
48 24
4 21
6 23
84 10
17 31
33 89
96 46
3 48
10 87
93 92
33 27
8 23
53 41
93 7
94 99
32 26
68 31
66 78
70 66
96 99
97 54
41 74
79 32
18 93
35 54
95 4
90 89
78 6
10 45
19 17
30 43
10 34
19 39
52 20
30 96
94 26
90 17
75 39
54 57
45 2
2 81
51 82
46 88
21 96
24 20
28 70
44 71
11 30
52 20
66 24
17 79
33 88
67 91
89 16
7 67
79 44
67 26
15 14
30 70
3 92
22 34
3 64
66 20
60 71
28 79
54 57
87 33
23 89
48 39
69 68
82 52
73 26
31 12
48 47
29 90
42 99
13 87
38 21
54 36
33 85
53 22
59 8
28 57
22 0
97 99
8 43
49 86
27 65
9 23
78 82
27 56
7 64
83 80
23 53
96 21
94 39
13 18
60 61
89 31
11 41
23 34
66 19
78 91
32 80
21 15
41 46
36 91
22 40
98 43
55 65
70 17
91 10
40 4
10 19
77 55
26 69
13 44
74 25
96 41
66 72
71 72
37 56
65 65
67 54
98 42
34 16
90 26
95 49
4 46
97 11
65 73
50 48
32 57
2 20
96 55
55 9
40 10
5 88
14 1
1 75
5 71
28 92
59 91
27 13
27 46
77 24
84 13
93 81
55 37
16 13
61 36
84 34
19 81
22 5
45 67
10 11
85 28
77 34
42 72
63 33
41 3
77 3
26 19
45 85
38 80
61 47
3 38
21 68
13 33
0 63
16 16
96 13
81 40
88 8
66 13
99 14
52 80
63 47
83 19
23 75
45 11
77 12
67 60
22 70
32 14
19 43
46 14
16 1
14 98
7 38
87 6
51 4
82 79
65 17
68 21
23 48
57 24
79 28
52 86
27 37
74 4
98 49
51 10
77 77
19 32
48 4
21 59
86 54
62 91
20 92
96 81
64 4
25 76
17 73
58 48
99 12
7 16
27 40
4 72
45 42
4 29
63 44
49 28
26 25
37 48
4 82
4 8
20 50
53 60
9 76
9 94
19 8
14 92
60 37
44 45
98 75
62 49
74 53
74 53
45 20
94 42
56 80
26 20
17 2
50 30
12 63
62 88
55 13
55 46
62 80
67 27
42 30
91 12
4 49
33 54
72 12
65 33
90 76
60 27
64 17
75 44
18 82
28 11
27 90
70 84
61 67
2 64
63 99
6 74
80 76
21 3
86 84
94 81
56 14
62 43
29 91
28 20
91 37
19 53
11 7
8 16
25 25
36 14
1 15
28 55
99 68
62 53
57 93
74 42
71 97
50 42
28 64
22 80
26 91
8 27
66 10
95 49
89 0
17 59
22 54
27 75
29 82
76 70
35 2
68 40
91 50
38 6
33 42
48 43
29 28
94 26
73 12
42 54
30 97
58 53
37 31
82 19
74 33
8 71
97 16
89 32
8 25
2 69
35 48
42 24
70 29
70 24
64 76
30 5
56 43
30 74
81 66
53 37
5 26
69 25
35 47
95 4
81 93
76 14
11 40
17 9
22 58
26 79
95 63
89 5
47 59
33 77
7 25
41 78
0 92
27 10
29 46
20 9
12 86
26 5
25 18
0 13
64 42
12 97
38 48
94 90
19 88
32 70
91 42
29 59
5 49
47 60
11 6
12 68
99 61
79 90
61 55
59 84
78 94
75 0
84 45
30 96
92 31
46 73
24 97
73 26
1 9
24 86
68 94
25 31
15 30
88 65
90 67
10 70
14 89
56 59
15 38
60 23
21 11
63 90
56 7
14 93
76 73
10 84
73 19
33 16
31 28
68 74
34 41
46 15
26 56
54 93
61 57
92 71
63 77
27 41
17 63
99 39
49 33
21 65
50 60
48 37
93 16
63 77
3 74
38 31
4 14
33 4
75 3
46 72
50 37
47 94
28 66
88 39
82 4
2 55
47 74
28 12
47 13
77 86
94 1
3 31
8 44
86 11
97 19
55 58
46 50
26 1
29 56
54 7
1 95
24 29
60 89
11 20
79 60
47 25
23 67
99 53
68 14
64 46
50 54
94 26
51 73
28 26
12 12
12 82
39 33
56 47
8 44
80 73
71 89
64 34
58 56
68 10
19 47
83 57
79 99
83 2
72 49
10 54
57 91
22 8
96 43
57 13
65 80
60 83
47 23
52 6
54 91
26 7
28 28
83 44
85 16
23 51
14 47
95 79
27 52
60 89
44 1
51 51
85 16
22 62
69 74
96 75
89 41
99 18
68 64
69 88
50 45
57 98
57 90
96 51
43 0
75 65
90 42
90 34
81 45
50 86
32 83
75 99
57 9
65 81
83 20
8 15
78 99
5 70
81 31
55 96
9 11
62 76
11 94
19 44
16 30
4 63
99 10
61 80
71 75
72 66
85 83
56 70
95 30
4 90
70 42
14 28
17 68
30 90
55 6
13 54
76 80
25 1
75 38
59 4
2 97
82 79
53 66
6 49
44 97
29 16
11 86
69 37
79 95
30 11
6 54
40 49
31 42
96 40
64 80
64 37
36 65
5 87
76 72
5 61
20 69
36 39
94 19
14 69
90 58
58 7
16 69
65 27
70 1
78 52
73 36
0 33
15 51
92 57
7 94
97 96
76 85
30 78
45 86
7 47
4 62
22 47
77 72
79 6
37 89
45 10
16 93
56 55
0 96
8 91
4 16
23 96
48 62
54 55
61 23
31 10
91 53
11 61
12 43
2 84
28 73
84 48
39 35
11 19
3 16
28 20
95 81
82 15
23 55
32 57
73 90
31 84
40 19
52 14
86 53
83 75
95 62
88 35
95 99
9 89
28 70
4 76
46 86
38 95
15 29
32 68
87 37
46 4
94 88
57 7
31 94
29 41
37 39
67 76
36 17
86 8
91 54
68 23
55 54
80 55
50 20
71 72
73 7
12 26
87 59
79 66
83 19
80 96
11 97
40 2
22 72
75 43
35 42
65 89
96 98
59 31
77 71
4 53
40 62
25 18
33 8
17 57
82 36
69 67
29 99
3 44
77 45
3 67
85 43
82 3
39 58
23 75
68 3
4 27
0 26
10 32
1 52
47 71
99 12
55 62
83 18
0 72
32 99
27 41
53 80
84 59
28 25
81 22
75 39
82 75
37 81
18 37
47 15
58 35
83 68
94 9
89 66
52 45
88 63
94 73
75 79
82 82
13 51
99 54
74 48
66 75
99 60
98 47
83 60
17 75
82 87
2 80
82 30
23 95
81 85
16 55
67 72
32 32
40 81
44 6
28 1
60 8
9 94
24 63
69 92
68 18
12 38
92 67
52 71
55 49
51 36
65 60
36 4
34 66
31 47
41 91
82 47
81 19
92 64
34 98
88 54
67 84
29 85
3 74
37 56
38 69
6 48
46 42
40 23
33 6
40 4
44 71
8 42
20 82
76 17
60 14
41 35
15 97
56 11
4 25
34 26
71 14
93 42
50 6
25 16
52 42
28 37
68 27
90 45
85 43
89 83
60 92
84 94
91 13
55 60
89 21
22 32
99 44
61 62
37 73
56 84
27 60
54 81
89 19
72 28
25 40
35 18
24 93
57 97
20 16
88 33
17 48
71 63
76 16
63 11
92 46
49 26
35 14
88 33
80 60
77 1
67 51
81 39
0 92
24 85
0 95
24 22
73 75
31 82
4 84
84 82
94 40
11 91
2 91
28 13
40 72
22 45
19 79
5 82
66 16
64 8
50 0
99 38
39 87
79 94
95 41
19 23
19 57
31 62
99 7
15 96
97 0
39 55
97 64
45 42
28 7
46 86
23 16
84 58
54 82
7 79
72 39
95 77
3 80
90 32
3 77
89 18
40 1
16 28
66 42
50 40
86 88
22 18
25 91
92 42
22 42
27 52
3 99
43 72
11 5
14 69
40 55
94 37
20 14
25 3
33 48
35 51
2 99
68 5
35 42
68 9
44 97
75 10
36 7
32 33
35 15
23 12
49 52
46 66
49 58
25 94
15 88
54 76
66 60
44 58
13 15
26 71
42 61
66 16
60 81
98 40
29 4
87 42
43 16
60 48
68 75
30 21
43 93
29 6
29 75
61 30
64 92
86 97
7 29
77 47
46 3
81 92
43 19
60 82
49 59
25 76
44 16
70 78
25 64
85 90
40 64
89 13
3 16
6 79
20 45
64 50
74 91
60 54
52 53
56 93
3 94
65 41
73 49
34 34
81 67
50 68
69 63
78 6
22 98
8 64
59 69
7 46
36 92
49 73
97 48
69 78
57 63
72 85
16 26
58 32
44 31
92 35
54 88
69 82
61 84
22 93
95 9
70 67
69 22
62 94
8 97
48 82
4 75
78 76
55 47
1 85
89 88
43 44
27 7
22 20
69 13
46 97
29 25
40 48
57 56
20 81
83 8
28 88
83 42
46 8
9 60
9 88
69 67
74 74
79 1
80 45
42 61
81 97
56 21
87 98
90 12
47 57
10 69
67 89
10 1
50 30
51 97
12 3
18 94
62 26
30 0
45 48
50 36
30 4
32 21
37 4
42 29
66 34
39 21
71 49
82 94
60 85
51 6
95 66
78 31
83 59
60 85
67 2
47 42
3 55
41 29
99 91
28 19
11 54
52 82
5 75
70 59
17 66
8 79
30 26
41 36
85 90
50 85
51 14
92 51
10 42
64 33
4 22
9 90
44 74
21 26
81 48
94 98
36 64
50 32
72 35
69 3
52 91
67 10
89 69
62 67
64 48
40 34
38 74
91 50
34 49
80 35
3 19
15 85
99 25
98 90
67 84
44 86
35 61
79 90
92 59
39 26
49 50
73 18
71 58
24 40
21 20
95 79
90 53
76 87
88 17
67 27
45 10
21 43
96 52
47 64
26 47
89 96
85 43
92 18
24 95
72 30
45 22
90 41
84 49
61 4
28 69
69 5
55 52
1 61
57 46
57 23
73 74
20 46
95 84
24 19
77 49
74 93
85 77
83 53
79 52
35 3
43 97
45 62
1 27
63 96
15 76
32 77
38 51
83 6
73 52
53 83
26 19
46 98
23 33
92 30
56 10
72 50
93 8
94 56
6 90
31 0
38 5
45 13
45 99
10 9
81 84
96 92
51 18
88 15
9 63
56 70
15 82
27 44
10 3
44 89
80 38
42 57
93 47
6 71
38 77
77 20
84 8
96 9
91 93
73 78
96 31
16 52
43 97
97 49
61 37
20 19
85 7
74 19
21 46
82 3
12 90
5 69
86 7
21 46
67 37
52 53
43 20
35 4
46 62
60 25
83 23
73 81
38 76
54 2
99 31
2 13
53 46
92 50
90 58
40 30
23 45
25 42
12 11
73 70
18 22
35 37
84 32
83 27
39 30
83 22
1 94
25 85
95 92
49 58
74 60
80 39
19 94
1 8
29 67
54 11
4 28
54 75
40 25
59 57
44 60
11 27
11 46
3 55
95 52
29 53
16 2
61 96
39 92
98 82
32 17
59 33
72 45
98 68
31 54
35 55
97 35
97 30
15 91
16 72
28 60
2 26
29 31
35 45
82 62
83 94
87 77
35 61
6 37
54 40
72 62
78 53
89 58
77 9
99 59
41 66
24 81
43 71
33 52
79 74
6 97
33 71
34 50
86 35
45 79
23 48
53 82
45 67
5 46
36 77
57 64
13 86
65 34
9 43
48 60
68 23
49 96
34 9
51 1
81 12
82 87
47 50
60 69
58 25
77 55
33 11
47 18
64 97
21 32
35 98
97 8
35 13
8 4
21 0
16 17
15 94
29 18
52 0
53 40
64 7
61 44
72 17
1 86
23 41
78 38
65 24
10 72
42 14
62 68
71 36
79 10
12 3
50 36
74 84
62 66
39 42
65 49
6 41
53 91
41 16
44 86
23 9
49 51
15 79
13 13
38 9
90 18
25 5
97 76
23 92
50 8
92 72
12 83
94 54
74 82
70 96
49 17
78 6
15 38
74 9
15 34
93 7
6 63
1 22
74 51
57 75
88 53
18 58
87 62
76 95
35 63
87 75
40 10
45 97
43 80
29 22
73 36
77 55
50 97
12 85
72 13
79 49
45 78
81 41
22 78
5 38
81 29
31 28
84 89
13 35
43 50
90 16
83 99
84 71
20 93
31 78
36 21
38 65
65 51
70 11
69 93
75 86
24 33
34 11
2 52
52 37
21 75
29 41
89 6
13 44
10 50
21 96
30 7
89 73
92 63
68 10
36 18
61 75
16 50
60 64
2 32
44 49
26 12
8 27
59 86
44 59
25 90
74 89
70 12
72 88
6 95
87 89
82 95
80 73
72 17
66 6
43 44
81 20
38 69
21 20
44 2
70 34
33 58
46 52
60 20
99 22
58 54
36 55
53 12
98 48
86 90
67 11
7 38
33 31
45 49
24 82
17 31
26 19
42 24
18 65
23 82
99 55
1 37
14 94
47 67
22 0
80 84
48 99
24 38
50 25
35 8
63 92
6 20
92 65
64 16
33 20
36 63
75 0
27 32
53 41
17 57
73 61
83 71
12 68
83 77
60 81
31 0
84 74
87 58
29 51
10 50
32 94
95 66
44 31
96 14
9 80
3 60
13 96
94 48
95 71
56 63
97 9
98 26
26 40
60 9
4 27
97 37
46 45
48 0
33 25
4 87
71 79
60 60
88 35
83 3
97 40
3 43
15 84
33 21
54 78
8 40
69 4
81 73
3 14
67 17
14 26
18 76
50 18
38 13
18 71
84 79
43 59
68 38
5 14
69 3
31 96
73 64
48 62
14 15
59 57
39 40
3 7
39 65
91 97
63 82
1 37
43 77
84 57
50 43
44 7
13 52
81 82
9 64
14 9
60 79
67 83
74 69
29 6
75 93
97 28
56 71
47 55
34 25
4 48
70 27
47 67
72 37
52 76
29 33
82 57
10 0
38 74
98 46
67 97
2 93
32 75
21 29
80 87
38 37
80 62
64 34
42 66
21 50
93 31
96 70
81 82
65 7
80 4
28 80
33 50
64 84
24 83
81 40
66 23
6 20
15 73
24 79
37 76
77 42
11 49
96 80
50 56
29 51
94 91
31 30
24 35
45 15
62 42
82 31
15 89
60 72
9 79
62 22
85 65
88 22
74 15
31 78
5 19
38 77
43 37
29 86
46 55
60 86
61 66
18 3
19 40
54 82
23 87
41 60
49 33
42 85
47 62
58 85
42 79
36 16
87 57
96 52
54 10
34 92
65 77
42 63
44 96
17 93
12 88
47 1
69 85
94 56
21 8
89 97
2 73
98 93
79 50
93 37
77 67
91 49
15 85
22 60
36 12
77 10
28 56
50 20
66 83
6 46
48 83
84 13
68 3
42 24
97 34
68 24
25 92
91 67
78 8
13 17
86 42
34 24
48 14
7 42
71 61
72 92
13 1
63 46
72 7
82 12
88 36
21 39
49 16
33 43
14 56
29 31
31 37
91 20
79 66
61 59
92 49
25 90
55 28
57 43
87 83
75 53
21 4
4 43
50 35
83 68
16 48
96 38
82 81
54 5
89 68
78 6
18 45
1 55
14 39
27 97
0 69
45 69
94 66
92 10
35 82
47 20
35 87
63 49
99 58
97 80
42 20
4 23
12 75
71 31
23 62
45 39
7 27
83 1
34 66
10 52
28 15
30 71
83 91
34 17
18 17
65 33
95 42
44 63
54 69
13 84
72 9
43 74
85 91
55 20
98 96
6 89
25 95
76 50
68 63
97 33
20 72
10 75
67 2
22 14
97 86
69 35
56 4
1 82
21 24
27 48
0 1
44 48
7 14
33 73
95 51
60 30
32 68
79 11
38 49
46 7
40 17
56 67
20 87
86 82
79 90
36 1
54 67
12 61
93 1
48 83
27 55
18 83
58 86
30 36
85 81
12 47
63 56
58 18
10 50
88 35
3 49
54 20
32 3
82 73
51 42
42 80
89 23
52 5
47 4
53 67
11 79
67 77
55 58
62 80
1 65
49 76
14 29
24 69
33 98
77 64
94 30
39 90
36 51
30 52
58 31
9 47
49 8
48 86
82 47
26 74
94 20
94 46
79 58
92 67
89 90
10 57
45 18
63 90
16 52
40 51
31 44
62 9
89 78
43 65
91 43
44 44
15 83
6 60
43 92
40 59
56 65
13 17
36 29
78 23
5 20
90 6
51 18
11 77
21 51
28 15
71 34
81 21
58 11
19 43
93 91
53 48
18 57
38 79
84 14
79 47
76 0
39 26
9 24
30 30
29 37
63 12
60 5
1 65
43 2
19 58
65 11
55 27
56 88
56 56
44 95
40 50
28 17
36 31
81 72
89 40
87 30
63 35
69 42
44 90
80 41
47 42
35 72
2 11
14 89
56 99
52 19
27 41
89 13
45 8
84 65
65 36
37 69
61 41
22 94
82 2
47 93
95 75
96 99
89 77
26 7
19 69
89 6
85 24
48 78
22 26
13 7
6 38
78 46
13 93
92 46
90 29
80 8
79 40
15 10
81 53
22 44
39 98
45 3
58 86
56 86
39 57
44 2
28 22
7 32
59 60
90 12
49 92
9 84
63 66
4 90
47 30
97 79
68 25
27 60
25 80
57 59
55 80
93 50
82 54
11 49
91 21
44 74
7 2
28 64
66 84
56 92
89 84
72 8
76 34
80 56
72 9
60 32
84 47
25 87
58 61
78 36
25 93
23 10
84 61
92 80
29 3
74 67
15 89
94 43
53 79
34 72
53 38
0 60
56 23
83 45
82 89
84 45
92 36
78 66
68 58
50 7
76 70
70 94
3 2
7 44
9 21
56 82
57 86
5 13
92 40
52 56
47 78
74 76
45 81
33 20
18 79
13 7
87 42
5 91
99 10
51 87
6 99
30 67
12 66
35 6
64 41
30 20
89 58
15 82
92 36
61 82
95 28
17 55
94 47
82 5
20 87
91 33
61 87
85 3
81 78
75 7
95 11
27 97
71 82
72 61
57 83
13 95
99 4
99 7
80 88
81 15
18 97
22 20
41 5
92 63
98 17
40 32
99 38
31 20
3 29
35 30
19 39
49 99
30 60
17 71
87 9
98 99
85 65
1 37
72 10
36 89
29 64
39 77
6 53
73 79
55 32
94 86
80 3
41 34
60 76
98 3
69 96
70 68
45 39
78 61
92 2
43 54
51 26
75 91
1 28
97 72
40 86
29 7
54 9
74 40
28 87
91 76
71 6
12 66
61 86
99 74
66 52
87 63
4 68
80 36
88 8
59 21
6 5
82 91
50 1
11 89
80 85
42 72
92 6
21 1
67 71
40 50
74 9
88 55
68 45
14 21
90 81
59 88
69 61
27 48
24 96
25 17
62 88
26 32
82 34
68 82
61 77
99 39
52 92
72 29
90 2
34 10
21 70
42 60
16 55
28 72
87 18
35 92
91 37
11 5
11 38
37 79
52 49
42 43
19 30
49 59
92 10
87 44
75 80
64 60
4 7
79 5
5 98
37 86
86 63
62 57
4 39
88 33
79 18
60 12
53 90
38 44
24 63
17 81
69 82
91 46
93 28
38 5
28 77
39 64
73 87
70 74
37 33
98 16
56 77
6 80
44 49
36 84
15 74
1 95
7 61
73 37
79 87
20 47
93 66
62 92
42 92
87 18
6 87
50 97
29 6
95 94
41 59
18 10
57 89
2 8
12 4
97 85
62 79
38 51
24 86
69 36
59 12
98 39
27 46
40 10
51 76
3 18
12 7
4 56
81 72
16 62
94 8
0 10
46 21
31 57
33 64
36 26
54 7
42 31
3 57
45 61
74 52
67 64
76 26
26 17
57 46
36 8
47 77
29 28
66 20
67 53
15 69
84 60
95 30
59 40
23 81
48 12
22 17
53 28
7 87
93 58
19 56
45 82
56 22
8 91
35 41
11 39
20 9
12 64
24 57
81 29
31 13
81 33
90 52
88 86
31 71
28 37
76 42
55 71
21 96
41 79
29 8
85 3
18 67
96 36
47 51
69 38
87 94
21 87
8 88
25 66
93 61
28 83
72 63
10 9
66 22
77 8
64 32
43 77
98 99
25 67
78 5
11 27
75 36
19 37
42 86
50 8
29 86
72 56
18 71
11 79
99 69
7 23
59 18
65 13
35 70
65 49
63 98
57 72
26 58
43 81
97 93
74 5
55 81
80 81
32 43
57 13
79 76
35 38
68 25
94 8
95 84
95 73
55 67
53 61
34 20
33 14
9 50
69 95
10 20
88 80
0 11
73 28
23 56
46 31
81 74
66 76
56 21
36 97
73 76
70 66
1 60
46 28
58 21
36 67
55 52
41 78
11 66
46 50
99 33
31 44
27 40
45 46
56 63
58 44
11 76
12 11
60 83
81 19
87 25
38 26
34 99
94 32
25 57
24 60
95 2
30 87
70 20
28 67
49 41
4 2
59 75
40 97
54 40
51 11
45 7
31 58
11 25
83 93
2 19
19 54
83 63
92 34
10 42
98 97
43 53
99 24
18 42
45 78
53 53
75 60
20 38
36 1
6 1
52 48
77 49
0 41
58 29
80 95
18 81
75 82
0 39
77 28
52 69
48 87
43 86
21 27
64 75
64 70
23 72
62 83
16 35
2 47
1 16
66 73
99 13
68 13
67 85
21 35
33 35
59 45
65 44
69 62
5 1
91 32
17 90
81 17
93 20
53 81
44 83
35 7
66 32
15 30
79 8
20 93
0 81
88 14
79 39
76 90
2 93
54 37
69 46
87 66
13 69
74 0
75 27
82 3
28 23
19 92
89 75
44 55
63 35
7 12
65 54
9 64
21 47
84 84
75 8
42 78
55 9
16 11
34 24
15 28
72 97
73 37
5 19
40 99
68 16
78 33
55 18
48 2
96 18
5 53
19 49
81 68
69 20
91 33
12 49
18 18
81 88
3 88
87 55
68 75
96 4
63 27
68 30
86 22
64 87
73 72
37 85
53 19
37 12
8 40
23 58
92 41
46 52
24 81
82 65
33 61
35 32
81 21
77 63
90 42
33 21
37 21
52 3
17 40
13 11
33 51
65 80
40 97
56 6
85 36
55 41
82 39
72 60
49 59
42 0
8 44
78 49
40 60
41 32
77 44
55 5
65 66
91 83
87 18
43 22
93 89
63 84
43 16
1 35
10 1
75 30
33 10
17 54
87 65
68 43
49 7
88 7
25 5
41 74
28 69
39 63
16 89
7 34
20 71
48 66
36 55
8 81
68 54
96 45
44 28
49 45
30 41
75 85
3 0
70 38
71 12
76 49
18 70
50 70
98 46
46 48
95 81
24 24
29 55
36 89
42 58
84 90
55 19
86 30
78 35
60 31
40 76
93 26
92 13
3 81
37 48
63 70
48 83
29 35
9 25
93 7
34 9
64 1
76 83
87 26
59 6
73 83
0 90
99 60
25 50
97 62
75 85
3 12
18 85
49 0
10 8
26 15
6 54
31 78
22 39
19 47
16 93
94 1
94 80
70 43
65 94
53 82
98 29
73 73
90 59
93 76
87 48
33 48
37 14
79 63
32 57
58 90
84 92
95 63
10 40
22 92
89 7
75 85
1 84
50 81
43 57
24 30
29 85
44 35
99 27
57 65
90 11
48 78
52 83
99 54
17 92
71 82
68 35
87 54
24 22
51 85
85 16
64 68
46 95
96 95
29 11
0 75
61 35
4 89
78 59
52 69
58 30
36 42
34 69
1 45
88 11
89 29
84 54
47 70
85 18
93 5
90 33
62 18
52 67
47 91
77 94
48 41
89 41
43 60
16 52
48 59
20 88
19 8
5 36
62 57
78 59
43 96
74 44
85 65
79 6
98 13
93 82
72 45
78 49
18 83
69 10
14 68
29 83
32 47
71 15
89 25
62 88
25 93
1 10
62 58
11 20
47 39
67 61
60 62
6 38
22 12
9 82
1 51
69 33
51 90
38 21
56 9
92 10
20 12
52 46
73 45
18 41
22 44
98 57
35 83
96 95
90 6
48 92
66 61
70 35
9 7
19 68
79 18
28 62
80 56
2 16
54 19
59 33
89 25
50 72
75 69
17 74
24 18
95 44
52 25
8 19
70 93
57 19
61 35
79 42
57 90
56 32
25 44
27 60
14 5
12 64
74 60
48 26
62 56
49 58
25 80
69 15
70 66
24 86
91 85
32 20
11 65
13 22
89 91
68 18
35 33
2 32
81 31
81 32
13 15
75 70
99 34
55 53
81 67
84 96
45 67
15 27
34 26
65 98
43 41
69 3
58 44
35 64
0 35
20 42
25 87
64 0
79 2
42 27
78 63
34 27
19 18
41 62
89 40
36 84
32 78
62 7
59 99
16 28
19 63
14 37
10 85
32 48
21 41
48 96
74 11
93 70
61 86
61 55
77 32
75 92
21 28
60 58
88 18
51 4
78 84
86 29
88 45
63 30
65 82
43 20
49 22
46 33
38 54
7 69
34 85
93 43
65 62
50 13
92 76
35 28
40 69
77 99
78 94
98 46
11 30
38 22
23 37
72 72
8 86
56 0
68 5
31 11
67 54
33 62
58 74
97 12
86 67
1 57
41 53
40 9
2 28
22 60
48 15
75 27
9 16
62 8
19 89
55 85
86 85
19 31
75 67
87 20
84 65
84 49
69 62
21 81
79 65
62 57
15 45
91 87
70 85
60 53
34 91
95 38
35 10
34 6
3 36
56 32
90 61
34 13
94 19
2 44
94 32
70 1
54 67
17 86
38 76
59 59
63 55
75 20
78 29
78 9
70 88
13 77
8 88
65 95
16 51
70 56
55 30
70 45
27 16
76 13
83 11
49 86
56 84
45 1
35 44
29 58
75 84
64 29
1 24
39 65
38 4
41 31
26 67
99 75
67 17
20 1
55 54
29 54
69 39
87 68
41 33
81 75
19 12
8 17
82 53
31 33
34 15
60 24
18 58
68 76
78 49
98 0
63 10
47 23
28 68
76 16
22 16
1 43
75 79
73 14
51 66
58 34
82 15
98 78
0 24
70 32
99 53
49 12
99 91
24 78
60 10
49 67
88 18
70 78
16 53
48 78
28 96
47 8
59 21
55 83
28 96
39 28
8 24
45 15
79 16
63 5
96 33
69 48
72 39
47 64
89 95
16 15
53 15
42 55
48 76
96 46
6 11
25 42
83 83
51 43
67 10
45 26
5 90
28 75
53 18
68 13
73 85
57 48
18 70
60 47
71 49
7 55
30 12
88 92
41 74
58 74
82 72
24 23
91 29
83 44
73 71
49 41
87 62
79 12
70 45
63 48
14 31
43 46
12 84
62 20
33 32
54 70
97 79
74 14
94 85
12 99
86 88
15 60
16 23
15 29
74 5
29 94
39 35
81 7
51 87
65 76
49 14
24 10
4 78
38 49
57 19
98 0
2 62
5 82
52 56
97 66
82 50
10 81
71 37
31 38
36 20
56 35
48 3
75 86
51 90
45 42
94 14
6 59
51 32
68 83
55 72
47 43
34 23
5 77
45 64
60 23
71 87
8 8
89 72
15 6
66 47
98 8
23 79
74 32
14 72
30 39
21 39
87 24
21 73
54 43
28 37
0 31
16 74
36 69
73 20
44 30
4 16
77 59
29 82
29 95
62 34
66 95
17 82
64 93
21 91
13 41
91 67
44 8
50 30
68 29
68 0
55 62
35 41
11 39
36 42
59 37
17 11
57 53
13 53
19 14
32 6
15 0
8 23
43 51
39 54
45 92
9 23
7 26
49 76
3 27
35 75
17 64
21 67
1 91
47 91
90 99
71 26
71 81
25 28
82 77
33 80
50 98
6 26
17 94
59 42
37 34
24 18
14 30
35 9
1 11
28 61
43 80
78 94
33 74
86 35
67 44
73 84
11 19
69 37
63 19
28 10
5 65
33 67
58 37
75 50
77 19
35 50
38 34
8 63
38 41
13 16
72 66
15 51
36 59
11 35
88 35
42 82
16 97
99 5
18 7
9 77
57 17
86 71
62 87
7 60
61 69
57 34
29 1
38 5
10 86
84 65
25 95
35 6
53 70
94 77
89 38
56 51
18 43
63 28
31 16
37 54
94 81
73 77
64 27
8 45
64 37
40 90
8 68
32 71
76 88
26 15
31 16
94 43
12 28
55 80
25 46
83 16
38 67
90 58
3 35
39 75
6 42
3 67
92 0
45 5
94 24
38 10
97 40
49 26
33 8
22 44
49 84
13 31
71 46
72 81
93 97
72 77
21 38
32 39
65 93
34 43
26 80
48 10
34 90
34 52
27 47
56 63
2 85
51 54
52 6
83 38
47 36
95 69
8 90
56 47
8 57
51 94
33 25
38 20
18 30
49 44
45 45
89 33
48 23
40 82
46 99
58 11
40 90
52 79
7 92
75 15
31 26
63 9
89 96
29 4
53 8
49 67
52 30
88 80
43 85
9 51
39 41
38 11
4 82
74 76
43 78
25 62
73 75
95 45
16 23
44 13
72 16
8 92
59 66
58 82
8 38
74 72
18 48
0 68
3 12
11 67
11 6
9 96
31 0
55 1
9 76
13 92
2 34
16 32
18 13
39 43
87 72
3 66
56 4
86 38
62 1
97 69
23 74
73 19
67 77
71 14
13 50
98 8
64 86
90 38
97 67
7 92
54 18
20 88
31 58
12 67
0 15
25 74
0 73
59 84
36 98
59 32
79 45
65 86
9 16
26 7
41 20
42 13
47 60
65 75
5 52
64 92
98 35
35 9
9 31
16 74
55 71
86 74
39 20
52 10
81 80
44 38
69 97
27 49
29 30
1 30
50 35
96 76
30 29
22 15
26 36
96 59
35 20
10 32
6 41
95 51
52 19
83 40
17 56
84 0
93 44
73 70
44 52
34 68
2 46
71 35
43 80
19 99
16 49
69 44
31 99
8 73
59 87
68 61
98 19
99 56
93 30
53 82
17 45
36 79
78 12
83 90
93 19
76 51
98 14
60 83
82 90
2 66
61 90
79 24
31 40
65 30
11 37
93 95
9 24
67 39
48 41
12 72
55 73
29 87
14 19
94 32
35 70
24 3
50 46
80 94
88 77
13 97
23 55
33 13
34 63
62 40
38 27
99 48
54 98
40 42
51 17
41 81
15 32
95 91
47 93
55 6
14 80
73 51
68 65
36 11
54 4
91 63
96 16
7 26
57 78
10 9
97 6
87 26
89 30
35 19
95 13
44 5
32 3
47 76
46 92
79 74
45 86
60 80
64 30
18 87
44 33
42 99
65 7
73 40
34 21
3 74
38 76
2 79
46 29
8 85
49 10
98 93
53 45
78 18
84 79
30 55
39 11
10 53
62 85
91 99
40 61
29 94
44 29
42 51
68 10
96 78
70 45
13 33
44 88
61 30
87 54
32 25
47 33
56 34
28 54
89 90
77 35
75 43
46 4
60 21
59 26
23 46
56 67
96 34
57 49
57 59
38 59
64 34
15 9
61 95
24 12
99 6
25 29
10 46
36 81
8 98
55 93
37 38
55 34
75 7
13 99
17 74
24 18
54 94
35 89
73 48
13 6
40 78
6 29
38 47
0 56
54 62
2 91
53 93
39 81
25 8
7 70
67 30
65 99
13 20
12 19
44 24
47 32
53 83
58 49
99 49
56 9
21 68
30 0
28 76
45 95
83 98
15 30
29 44
74 22
10 40
93 45
30 51
43 97
62 68
29 75
5 13
79 32
22 13
74 64
50 38
68 14
65 45
89 12
32 56
57 91
98 87
6 78
90 46
44 31
79 22
9 54
67 90
9 1
49 32
18 27
15 92
1 85
11 24
62 10
44 61
52 54
14 33
24 93
86 13
22 9
4 9
4 65
70 21
79 76
22 2
23 33
51 74
95 44
12 52
9 57
96 12
55 79
21 25
94 0
80 52
45 55
20 28
93 90
34 6
16 65
9 75
60 55
57 75
98 7
14 52
50 82
62 88
93 47
62 20
80 42
76 13
74 9
1 27
73 40
15 68
77 57
29 74
14 35
38 12
18 2
15 89
54 79
16 90
50 56
68 77
18 23
12 79
32 27
37 56
79 59
5 51
12 90
96 67
11 47
99 92
28 46
64 35
28 73
35 77
10 88
60 33
29 83
95 16
4 14
5 72
95 23
67 97
67 86
68 91
93 93
81 80
59 33
69 1
28 61
67 98
82 1
42 31
40 62
0 53
68 56
68 78
49 8
66 31
18 47
94 62
11 47
67 95
4 40
17 40
55 98
95 61
5 77
74 57
92 28
44 37
34 22
48 76
46 54
6 40
31 27
9 31
62 11
68 86
17 63
54 11
88 39
41 29
43 38
32 64
4 17
43 12
70 65
11 14
37 2
23 65
4 60
3 63
53 55
71 21
84 11
10 83
47 46
27 22
93 98
47 54
4 34
17 8
71 51
82 49
19 90
61 9
29 96
14 90
68 78
65 27
13 74
34 31
69 70
46 90
41 80
5 31
36 9
21 47
96 30
5 41
62 55
64 94
92 2
3 23
40 16
6 88
10 62
98 68
33 31
94 30
74 55
8 10
85 75
17 9
36 32
76 57
52 38
11 0
7 90
86 78
76 65
90 45
45 61
90 85
95 85
7 73
33 17
81 8
82 1
99 63
0 7
11 10
89 69
23 68
49 59
95 80
64 25
48 98
78 45
21 11
91 48
16 1
96 1
99 88
3 81
68 4
34 49
45 47
43 53
52 26
59 23
18 25
0 60
14 2
99 69
84 18
2 72
31 54
94 95
96 19
69 13
60 17
42 40
3 61
68 91
90 61
32 41
94 52
97 98
58 70
62 1
99 49
19 41
26 33
60 67
18 41
79 92
10 78
22 3
93 15
64 46
96 50
64 94
17 74
74 35
21 74
78 92
98 88
79 35
46 26
17 5
38 37
41 45
64 18
4 18
43 82
69 85
68 93
75 4
65 78
64 63
79 41
56 80
5 97
28 70
39 12
49 10
76 64
80 66
32 26
39 77
69 42
73 38
72 16
18 48
38 89
77 10
80 55
99 12
28 74
96 58
56 95
72 28
76 53
26 82
63 85
16 52
6 14
39 68
45 2
68 50
90 43
71 1
39 61
3 88
94 59
51 48
55 37
27 92
66 9
94 81
41 64
42 67
8 58
80 3
27 89
65 51
92 47
10 26
9 91
96 57
52 33
44 46
90 88
53 18
29 75
69 23
54 27
25 30
17 44
83 39
25 42
78 5
3 49
41 75
14 68
31 13
38 83
99 34
58 24
78 3
34 40
21 28
25 25
33 93
94 45
12 32
21 48
2 49
0 43
20 70
78 73
55 37
4 74
24 18
55 46
67 57
1 95
29 52
83 66
95 29
86 12
79 78
97 51
93 72
51 86
15 65
65 46
81 89
58 6
67 8
48 41
3 10
74 73
50 83
24 20
70 88
95 99
9 65
2 21
72 9
4 21
38 46
39 13
11 82
95 58
25 43
75 94
38 5
45 18
50 5
16 76
42 71
39 38
33 17
28 84
18 43
66 90
14 99
35 97
47 6
60 79
70 62
74 73
49 65
97 9
47 38
63 17
92 99
27 66
64 59
99 88
39 44
27 45
47 43
26 40
49 38
21 28
20 39
58 41
75 68
63 3
29 99
69 80
95 34
19 95
24 41
42 10
40 91
65 11
15 26
52 75
39 67
98 70
37 77
71 51
16 69
99 95
67 2
45 96
87 94
27 44
51 52
91 13
48 84
77 24
12 32
25 61
35 68
31 77
28 12
97 46
68 76
77 58
41 32
36 51
1 41
19 6
57 13
76 19
59 2
46 23
73 9
24 15
17 92
80 96
14 12
88 27
20 9
25 99
11 2
94 21
96 57
78 48
64 38
38 73
93 43
10 88
47 69
71 40
23 81
88 47
90 45
67 18
59 4
55 71
82 58
35 43
92 1
13 43
78 81
16 13
99 50
92 77
60 60
16 1
23 86
24 91
64 11
91 66
62 17
34 34
32 46
83 9
6 53
48 6
79 88
88 67
20 19
35 83
51 58
16 85
80 43
72 32
56 42
24 79
72 80
83 87
60 77
29 34
80 37
95 26
57 45
0 51
29 27
68 77
1 75
67 69
19 68
4 9
67 2
98 86
57 13
74 34
67 26
2 91
89 65
54 67
86 95
37 72
25 96
75 69
72 88
96 25
59 97
11 7
36 56
12 75
13 80
99 93
39 71
66 43
98 25
8 64
45 86
84 98
36 35
23 43
3 3
73 8
80 10
75 81
51 98
8 21
69 66
37 49
35 19
57 79
69 93
31 93
95 30
30 18
18 0
70 24
42 61
64 2
58 39
22 64
13 58
56 61
44 65
54 33
28 10
11 79
25 89
45 76
7 71
70 12
24 32
22 44
54 71
10 49
66 64
41 28
65 26
37 55
50 26
36 10
37 84
3 42
19 85
95 66
97 85
30 51
97 49
44 10
78 3
87 79
99 81
0 16
95 64
63 81
68 78
20 95
90 77
11 96
93 37
80 34
93 80
12 96
45 57
48 3
30 95
7 80
86 2
58 17
4 62
86 18
33 31
98 2
59 61
49 58
25 78
50 50
36 32
50 66
37 38
38 74
75 50
17 33
81 20
25 54
35 46
25 28
13 79
81 88
33 73
98 68
15 94
7 62
73 45
49 6
4 98
33 52
52 3
39 37
34 45
31 63
80 3
37 64
33 65
35 20
39 79
14 93
61 18
76 23
37 95
16 11
2 84
43 8
49 56
91 89
57 67
61 54
72 88
82 41
84 44
42 70
86 48
52 86
21 67
1 97
62 51
33 10
88 96
94 15
94 76
66 5
88 28
83 73
58 91
24 92
50 94
7 84
60 44
73 63
51 39
46 19
7 15
78 15
4 81
99 25
32 27
92 60
61 18
21 8
94 63
63 12
8 2
22 47
59 36
6 91
61 16
91 30
29 93
36 33
33 73
94 61
14 9
0 19
40 7
18 92
48 56
99 86
32 72
95 90
27 18
17 30
97 93
39 81
6 83
95 56
72 47
30 20
41 18
24 5
11 17
35 29
37 54
39 85
57 60
57 11
82 88
6 1
63 82
15 97
88 87
79 42
59 67
49 9
52 50
34 99
64 19
56 26
16 41
92 10
80 34
58 54
90 9
15 12
57 42
27 9
10 71
48 32
17 77
77 5
71 33
71 36
10 29
17 71
58 66
70 85
91 14
68 36
31 72
18 94
9 87
3 22
9 33
33 61
71 38
59 95
30 95
11 45
90 83
6 58
74 75
21 85
9 32
8 45
55 7
61 72
70 40
59 16
43 4
99 55
35 88
63 40
6 29
1 46
75 97
31 17
60 49
65 51
82 73
90 12
32 73
90 57
29 9
62 10
76 12
50 26
87 20
73 75
22 25
59 46
93 3
87 88
84 68
53 10
19 67
73 42
5 58
58 90
92 50
2 64
82 20
94 19
3 6
28 5
10 8
3 46
72 17
23 88
31 9
46 11
23 63
43 14
31 22
84 99
70 3
53 15
19 22
71 94
81 71
21 50
51 35
22 69
33 67
39 68
60 82
4 33
27 58
66 13
77 85
62 35
28 57
8 3
18 45
28 6
51 17
64 29
32 60
76 64
23 1
23 61
43 97
91 73
21 62
31 99
55 71
18 6
96 14
82 12
92 82
46 32
37 98
89 75
57 5
93 34
87 80
83 67
65 60
75 23
63 5
46 7
89 32
81 17
33 27
45 97
95 87
13 43
57 16
12 55
71 89
4 8
95 46
78 97
85 81
91 62
1 29
6 41
48 88
87 88
55 97
79 54
61 85
49 64
93 89
73 18
97 99
15 42
13 92
57 36
43 99
80 62
13 96
25 54
79 91
4 70
47 42
61 56
70 32
14 78
85 52
95 79
39 17
60 75
5 63
52 39
59 18
87 52
37 77
5 66
38 58
39 0
12 28
51 47
77 16
67 26
35 85
23 67
78 30
16 11
57 45
83 75
94 42
22 52
40 64
31 72
98 71
70 9
58 69
29 46
18 58
74 8
9 87
53 14
5 50
27 8
55 80
58 80
55 6
69 38
19 29
47 45
70 79
75 82
14 31
59 45
73 8
69 75
34 72
37 59
24 61
72 79
11 91
1 69
95 48
82 76
97 27
77 61
83 63
3 31
39 24
96 14
99 20
57 75
95 71
11 19
15 7
73 67
63 45
59 62
77 36
15 25
90 96
36 39
71 38
6 91
89 14
77 91
67 8
78 46
43 60
98 13
39 4
12 65
17 64
65 52
77 0
61 67
46 56
89 35
84 79
7 19
13 76
30 24
89 58
75 45
54 67
75 6
35 96
50 96
32 51
3 11
79 73
48 6
6 41
25 18
17 0
32 98
53 2
99 2
57 49
30 27
32 68
38 33
84 91
79 70
69 90
13 78
52 87
76 8
73 0
14 28
7 76
7 69
84 4
16 89
44 97
57 30
46 56
3 71
12 2
94 55
79 45
86 70
67 38
45 58
44 69
48 76
37 82
33 95
71 70
0 20
98 45
45 22
23 37
6 72
61 35
65 13
10 68
68 78
17 91
26 67
9 96
77 87
3 96
42 97
76 76
89 39
9 7
82 92
19 36
2 27
47 31
58 57
38 23
89 99
28 36
28 4
58 78
95 20
42 21
74 54
22 42
41 99
19 62
95 88
51 90
1 0
96 99
14 29
0 22
34 73
50 3
27 28
39 61
91 80
40 65
68 35
93 8
65 56
75 50
46 45
66 21
97 32
18 73
77 93
95 61
7 75
35 50
7 53
58 43
1 74
92 0
69 32
70 95
28 46
74 15
1 60
4 99
39 71
97 95
23 5
16 21
99 61
49 3
16 55
25 98
85 87
39 94
58 64
92 1
80 4
18 97
29 84
34 74
26 68
27 32
67 76
85 24
88 57
6 84
73 31
4 24
19 11
99 52
17 36
64 15
23 14
61 37
34 94
19 52
84 20
50 87
31 10
84 51
36 28
93 51
72 1
53 60
2 77
35 40
66 47
12 38
50 61
31 5
92 89
51 80
83 95
54 94
1 32
25 91
96 53
47 59
35 12
98 97
52 90
55 27
31 54
66 16
69 77
99 74
46 26
83 89
52 68
33 88
2 62
14 50
68 78
47 60
95 33
22 77
39 97
80 46
2 68
10 83
44 93
53 49
13 89
62 65
39 91
97 33
61 39
17 22
44 91
81 42
51 55
70 23
20 51
41 95
76 94
90 85
91 21
21 28
10 13
64 35
76 85
65 29
44 96
66 74
31 25
54 57
5 99
81 39
70 47
78 3
53 92
20 20
13 79
12 17
90 63
62 79
19 18
38 4
17 56
47 29
94 48
44 21
95 36
91 13
91 86
48 71
1 45
3 99
31 89
77 46
12 90
18 93
39 25
22 22
18 0
14 25
81 71
77 18
98 67
29 13
61 76
82 58
60 98
36 50
89 83
16 17
3 7
62 53
30 87
76 43
21 63
14 45
28 14
25 96
26 80
53 59
53 0
88 23
69 14
82 49
83 34
2 61
58 13
82 19
6 23
61 63
2 74
56 89
23 3
99 39
95 22
49 83
55 82
91 64
9 18
29 56
93 85
89 73
78 1
61 68
63 62
59 7
75 85
39 77
10 67
95 24
21 62
65 37
43 20
90 36
97 57
94 43
22 94
12 19
67 18
75 22
23 68
89 1
23 71
31 73
80 85
81 97
59 95
8 54
13 83
61 67
78 68
87 2
92 18
76 58
29 73
0 54
25 52
51 66
97 33
88 57
18 35
74 71
34 6
82 44
12 18
96 77
79 46
82 5
41 59
7 54
44 62
1 21
60 94
26 63
22 94
67 61
56 5
1 55
74 70
87 73
45 11
60 58
55 12
83 40
34 93
68 31
19 4
9 93
73 20
69 10
90 35
47 30
50 24
2 91
43 88
48 87
32 86
0 30
65 74
49 43
82 68
72 81
8 80
48 24
96 23
48 97
97 95
40 58
40 96
58 89
41 16
20 12
49 12
41 81
10 99
40 35
23 6
73 96
61 57
35 48
81 10
44 11
6 35
51 90
53 96
32 88
39 1
19 26
56 65
50 95
54 44
72 82
39 42
42 32
99 28
17 51
31 58
12 67
86 74
79 19
70 77
64 27
43 47
89 55
0 56
39 92
1 92
62 37
75 42
52 46
81 76
70 68
40 18
24 19
46 25
85 51
24 94
71 12
63 52
3 6
50 78
36 57
58 48
49 97
87 87
97 56
37 10
31 78
82 84
24 18
56 88
23 12
68 80
47 14
12 65
61 2
95 90
74 4
35 7
5 12
59 28
44 51
61 26
63 15
90 56
73 12
96 18
47 8
9 43
71 69
74 33
25 85
72 33
4 83
10 58
95 80
87 57
73 84
90 47
58 26
80 40
74 81
80 68
68 93
6 94
56 45
0 54
85 42
44 14
82 40
0 77
10 12
58 44
77 5
96 18
72 7
55 17
8 41
58 41
27 6
38 85
4 10
79 20
92 9
22 54
81 57
25 31
38 4
45 27
55 0
51 10
86 34
73 77
2 68
52 2
91 98
6 81
86 96
72 80
27 6
41 76
48 76
4 80
63 67
40 54
91 48
98 16
79 71
76 48
60 10
84 71
24 7
26 50
58 71
5 38
96 37
54 82
11 79
31 74
62 27
23 50
42 32
19 19
20 26
93 34
98 43
82 59
83 16
6 31
17 64
78 93
70 83
33 77
75 73
68 50
38 95
90 74
78 34
96 64
43 24
76 77
77 12
76 34
23 25
1 77
38 5
25 61
78 78
38 75
23 33
12 75
96 59
28 32
18 33
50 14
10 39
24 96
36 87
32 89
88 82
61 43
78 23
84 92
46 71
80 64
15 37
99 35
59 27
43 33
83 73
37 26
45 28
63 49
91 13
20 76
90 87
12 26
99 15
65 84
61 95
93 8
59 56
32 74
87 23
89 95
83 66
48 48
31 64
31 1
71 95
78 98
66 85
75 34
15 39
10 29
71 92
95 5
4 62
21 97
96 84
47 10
97 88
81 15
80 33
93 91
51 71
83 88
47 6
22 10
46 21
99 12
21 27
23 2
81 95
40 64
99 28
80 46
22 47
34 92
32 73
29 68
79 47
46 69
61 27
40 6
58 19
86 4
46 45
37 81
63 91
70 22
71 60
6 5
61 51
76 94
24 2
75 83
20 58
85 50
61 76
75 52
65 91
54 38
14 5
80 66
68 87
31 80
80 65
27 38
34 40
79 66
18 22
18 33
49 39
82 71
98 30
25 45
55 60
62 34
86 82
18 91
27 49
7 37
91 41
37 63
1 87
19 7
9 15
32 85
82 60
94 23
49 11
71 96
94 46
3 71
17 2
1 93
45 46
22 82
95 74
41 77
3 62
71 42
78 83
79 16
20 20
45 90
20 29
85 51
32 4
73 86
91 40
66 19
80 79
35 26
12 26
38 15
59 2
85 87
11 5
72 10
2 51
31 82
13 6
23 34
24 88
72 70
52 16
5 54
59 10
43 42
23 15
79 85
97 44
79 77
47 13
79 22
16 17
80 96
55 80
60 74
39 81
67 8
9 2
62 29
26 5
78 54
71 99
31 41
94 54
6 9
27 19
51 52
26 50
95 23
71 74
93 43
23 3
68 76
61 86
96 10
34 26
8 49
28 60
51 37
33 2
58 38
46 51
98 38
9 78
45 40
80 88
39 84
3 2
13 37
41 4
29 37
50 71
41 35
59 25
16 5
14 50
94 73
0 53
10 89
88 97
38 54
26 41
63 49
80 95
83 47
4 8
95 63
50 98
84 77
59 38
51 50
78 0
11 81
77 85
36 64
60 67
18 91
86 3
24 32
72 28
25 87
2 98
83 44
22 1
14 99
48 55
7 19
80 47
78 55
62 23
40 53
35 81
65 3
94 89
29 62
34 82
25 93
83 90
69 43
67 75
15 17
10 20
86 34
16 55
61 43
30 24
10 56
3 29
94 36
17 31
73 50
74 70
37 92
92 85
48 65
97 40
71 97
26 21
10 84
30 52
68 20
22 26
81 50
0 36
59 51
44 46
37 42
73 34
55 37
28 61
38 21
98 24
70 38
99 98
85 7
79 98
77 46
72 86
82 51
0 27
82 74
33 60
57 26
90 87
1 4
59 83
73 64
40 79
67 26
66 39
72 11
94 21
99 78
42 9
58 46
29 56
56 21
95 22
85 31
65 70
44 23
78 64
74 22
34 29
60 2
22 49
86 12
20 45
81 28
92 81
38 68
23 9
8 28
42 92
97 93
83 26
15 21
72 30
49 26
4 94
43 33
23 10
97 64
80 94
44 95
36 4
9 84
24 9
40 26
47 83
20 55
3 94
52 44
57 59
61 52
87 58
17 43
57 27
87 34
6 92
76 8
92 97
42 43
26 71
18 31
41 17
99 2
65 48
29 29
78 42
56 49
94 9
85 50
37 17
34 92
10 95
68 83
31 91
28 60
65 49
15 24
52 3
71 57
54 59
55 71
74 55
36 5
86 96
89 55
38 10
27 15
85 92
50 27
26 4
76 96
19 26
71 37
5 2
85 21
33 63
10 59
77 53
22 15
61 69
3 25
96 24
17 22
30 33
84 36
40 35
86 51
82 18
66 61
47 17
52 97
74 32
10 0
52 46
54 52
5 10
9 78
44 21
35 73
25 39
39 35
33 96
6 32
57 5
12 13
58 35
27 34
65 34
74 95
53 85
92 91
10 65
53 90
40 83
32 70
63 63
87 36
58 83
76 20
25 67
60 64
47 98
93 52
35 69
92 3
99 42
15 85
42 16
55 98
7 37
49 19
79 20
0 74
97 76
15 70
80 52
99 79
13 89
79 78
27 69
22 5
3 37
24 26
55 5
5 94
58 27
47 32
85 25
90 10
29 67
68 11
92 36
85 77
88 12
73 81
26 2
93 41
7 70
8 45
41 14
93 25
39 13
67 2
78 96
36 95
23 32
99 46
45 99
78 71
29 83
47 36
62 32
37 38
78 61
69 51
70 18
17 0
21 71
44 56
57 12
55 6
49 99
24 20
66 82
42 61
22 2
92 92
81 55
21 21
16 75
67 23
60 25
39 14
73 25
28 0
6 85
99 39
66 41
11 48
59 59
8 74
82 53
86 8
3 0
51 29
78 26
16 50
38 10
28 56
54 15
25 39
17 26
60 85
62 12
15 91
76 72
82 59
50 32
27 13
59 61
1 35
51 47
14 59
13 47
55 38
20 97
93 63
31 49
30 24
26 21
14 45
46 27
34 23
64 87
68 47
61 0
16 94
52 51
78 55
32 7
62 95
59 43
9 28
27 29
36 93
33 21
66 85
40 98
41 99
23 46
77 21
29 75
8 91
87 32
17 45
91 30
91 87
48 5
36 34
70 74
79 56
59 46
56 92
78 19
14 6
87 89
13 87
31 44
96 34
30 36
52 14
66 21
23 32
94 20
28 19
63 93
28 28
5 54
83 49
89 28
3 57
77 9
54 7
12 98
34 50
80 89
30 54
74 78
42 35
33 6
19 66
90 24
20 54
2 8
5 89
12 95
94 55
76 80
62 78
96 92
76 63
98 33
81 96
46 74
36 63
98 96
35 61
47 40
98 2
74 27
92 12
35 54
40 61
96 96
22 47
81 84
19 18
7 95
23 45
23 73
60 69
44 75
49 32
75 45
73 27
42 9
42 93
22 4
33 59
42 63
70 92
49 25
23 51
55 47
26 80
23 76
40 4
91 5
28 17
57 12
60 9
85 37
32 48
14 45
1 56
49 71
62 69
55 35
24 22
23 45
15 90
12 81
6 66
24 36
87 21
25 39
8 57
47 7
65 70
30 9
76 85
77 26
73 75
4 66
53 13
50 93
65 34
34 54
91 19
50 63
61 99
52 64
41 31
32 99
60 23
71 24
89 69
87 14
68 81
75 70
88 35
4 79
42 81
7 89
63 80
73 66
75 72
57 53
47 18
73 9
24 10
12 22
81 53
26 38
96 65
92 63
67 18
81 7
28 7
97 16
61 57
26 36
2 39
72 40
53 63
29 77
51 12
41 95
24 9
10 86
90 76
59 93
3 18
74 93
92 27
15 30
27 17
4 19
71 6
6 20
93 65
57 67
19 48
22 40
94 32
48 22
41 45
57 76
12 81
34 73
90 29
50 54
7 17
27 6
33 17
78 92
29 17
71 19
60 79
36 47
39 38
38 98
24 33
13 57
45 44
42 63
34 15
33 86
82 36
47 73
54 61
88 54
66 35
18 58
96 73
2 9
74 72
51 46
98 83
31 82
24 70
72 95
16 86
76 13
36 79
41 8
56 98
44 65
44 90
35 22
98 69
88 51
20 66
40 14
48 9
60 65
39 40
62 50
87 57
36 59
57 74
84 51
81 95
3 21
38 14
60 68
57 51
7 95
33 11
63 98
6 31
59 44
19 33
12 90
80 10
80 16
36 8
9 59
22 61
96 14
30 61
52 33
86 76
82 95
37 88
99 78
28 46
68 1
60 47
80 29
87 73
20 68
66 89
78 30
94 11
36 36
98 8
35 71
49 72
45 41
96 68
60 83
54 90
4 6
30 6
20 61
80 47
80 71
80 18
17 21
99 2
78 79
63 26
98 84
98 79
45 51
42 80
83 55
11 6
94 69
64 23
84 28
23 40
61 45
43 87
78 33
55 66
54 0
81 72
84 90
4 71
73 12
42 44
3 19
12 11
46 61
39 38
46 25
59 99
78 75
58 75
40 48
4 38
12 85
8 65
69 23
93 71
29 7
69 3
12 88
26 96
9 21
95 78
48 91
61 80
55 43
0 91
79 0
71 98
73 23
7 43
89 30
7 37
30 54
63 25
67 80
2 62
14 87
48 64
57 84
14 81
61 66
44 95
99 3
71 64
8 3
44 38
77 79
43 33
31 68
4 68
19 5
19 12
1 62
78 3
66 43
23 4
79 93
3 74
96 91
3 29
61 75
17 7
24 82
53 36
72 97
3 13
80 18
32 27
54 14
73 32
34 24
19 25
65 38
25 40
99 6
86 60
93 25
99 62
51 35
72 26
65 89
14 35
23 54
88 95
6 43
20 6
77 95
81 65
92 15
98 26
28 46
25 98
3 3
29 38
41 50
26 90
7 88
23 96
51 35
20 75
64 17
80 42
75 12
72 47
75 34
10 60
97 54
49 90
7 59
85 96
70 87
89 93
65 74
87 48
92 96
12 72
81 69
13 80
5 75
49 40
74 41
52 21
52 58
31 94
98 40
81 55
10 22
58 70
92 24
34 72
6 21
72 57
56 93
19 47
66 0
84 48
94 79
53 18
64 98
42 2
11 25
67 88
62 83
17 98
78 12
92 36
78 10
23 51
97 22
65 32
59 24
69 86
86 56
77 14
2 66
65 87
62 32
61 63
53 74
65 29
65 15
60 31
55 11
79 41
92 84
57 46
7 25
15 75
42 47
28 30
25 70
3 93
12 68
87 35
40 88
96 86
37 42
43 73
82 24
34 92
74 8
69 22
30 36
24 10
3 94
74 45
57 30
49 3
63 13
39 16
5 27
80 2
52 95
81 72
94 61
9 44
86 20
78 87
76 38
78 28
19 68
90 28
82 86
15 42
2 43
43 80
62 49
82 84
20 84
14 89
55 18
8 8
84 46
32 58
58 57
50 5
20 74
54 39
81 59
97 77
86 98
69 20
87 20
50 44
93 43
90 15
61 8
86 68
1 45
47 7
11 39
0 56
14 82
80 93
93 15
78 81
57 22
83 55
78 30
52 4
29 10
89 28
33 21
57 54
16 72
78 65
67 10
3 41
84 61
17 99
22 7
63 34
98 19
90 26
69 9
75 58
74 20
30 96
86 2
83 63
17 85
82 20
90 48
25 57
94 79
53 56
97 4
45 23
37 30
97 4
16 79
29 74
79 8
2 48
0 44
81 74
72 39
84 86
33 8
84 12
52 72
11 85
77 52
62 76
15 25
54 43
37 35
72 29
73 8
29 68
12 85
87 32
62 54
81 28
16 66
17 49
79 5
16 65
82 53
46 99
15 41
3 91
18 93
85 7
67 51
39 95
25 51
57 96
42 81
40 77
81 9
80 57
70 76
33 1
61 17
83 29
37 15
65 54
30 85
4 63
45 69
63 98
31 77
2 60
17 42
64 15
70 11
85 64
37 51
92 53
89 78
71 21
86 45
28 61
14 55
12 29
8 26
35 64
91 18
83 28
98 21
56 82
50 59
27 69
33 24
29 4
70 79
36 96
49 69
80 66
1 99
87 79
30 50
93 6
88 12
85 46
45 0
61 79
86 53
24 16
57 93
86 99
37 48
52 21
90 50
17 45
51 93
51 54
1 5
10 95
34 10
41 63
26 60
23 26
32 82
46 54
17 17
2 69
84 61
47 66
18 19
34 34
52 65
53 45
85 16
62 28
73 80
74 42
90 49
90 38
79 44
14 39
38 23
88 3
34 10
71 11
20 10
0 87
89 23
25 10
61 9
64 53
6 38
59 12
64 83
14 83
36 56
72 70
51 37
61 16
36 71
59 77
28 50
83 59
5 91
19 17
17 9
98 49
32 16
91 16
53 39
50 59
81 50
47 16
68 50
5 45
68 32
66 92
51 35
55 52
40 10
74 7
85 77
50 13
76 30
83 68
35 27
23 48
85 75
57 56
77 86
7 53
5 33
65 87
11 25
96 99
63 66
83 64
14 31
77 4
57 8
7 20
8 61
93 58
44 25
4 11
15 33
25 25
80 94
52 7
43 80
13 19
1 33
91 75
91 29
71 3
59 99
47 37
44 47
24 58
19 14
73 72
93 47
53 37
55 55
7 99
20 92
59 56
46 61
27 73
84 57
28 81
58 29
11 55
89 27
84 3
65 36
76 8
0 48
56 56
56 1
97 88
36 53
18 48
83 56
14 25
42 5
11 99
59 7
26 49
9 75
8 74
98 69
72 59
39 56
66 7
67 30
43 70
54 51
46 53
91 0
19 80
52 88
58 12
29 30
41 72
7 65
6 11
95 35
11 72
58 88
87 37
70 63
54 48
22 10
67 87
14 95
1 85
18 25
7 98
60 68
21 79
4 68
52 73
95 80
59 72
45 62
59 19
39 65
20 2
97 51
77 59
53 56
37 37
88 34
31 86
45 15
19 71
59 20
27 81
66 59
69 86
73 27
89 16
78 18
21 86
46 60
39 33
39 47
59 68
55 62
42 6
31 41
10 19
48 93
78 10
68 44
17 87
21 0
94 81
17 52
59 89
49 23
22 64
0 84
83 85
86 25
87 38
66 4
53 4
24 87
95 97
26 91
63 50
49 59
54 58
18 14
84 14
99 58
62 96
20 27
13 1
98 71
52 53
23 7
91 14
49 70
96 98
91 36
18 60
62 54
89 82
1 32
6 66
95 83
35 2
52 56
72 39
50 76
23 84
37 69
93 8
65 74
10 60
44 99
83 45
7 59
54 10
80 49
79 96
21 12
16 74
71 31
69 96
46 88
57 51
36 60
43 55
60 67
65 23
24 16
15 68
44 56
75 61
1 95
83 90
2 95
87 32
82 28
68 39
70 84
14 97
48 31
81 30
29 45
25 52
35 3
48 70
14 88
78 71
35 9
20 12
41 79
30 15
52 7
85 81
15 70
57 58
90 14
30 18
84 73
26 99
73 60
42 66
63 27
64 74
83 51
5 31
86 76
66 55
41 8
56 37
88 59
88 27
45 93
4 42
45 45
71 75
31 4
79 9
22 85
33 24
39 93
77 27
98 98
83 77
41 20
68 0
69 56
41 52
54 64
65 31
45 22
1 81
28 97
21 94
96 66
89 97
62 23
61 47
48 57
8 93
1 17
99 70
91 99
21 76
88 7
34 93
59 33
64 45
80 20
58 26
35 10
7 30
33 82
33 20
52 61
71 42
68 84
43 18
25 98
40 28
11 55
79 3
11 68
36 45
32 2
24 12
70 57
65 51
34 88
93 9
38 86
2 85
14 94
81 25
55 19
42 31
83 14
59 17
2 53
5 28
19 54
43 37
6 7
9 7
4 10
24 55
11 40
6 73
44 30
48 10
46 36
42 62
29 81
52 92
7 47
54 52
41 35
65 93
29 32
56 75
79 69
95 6
90 95
19 83
53 95
66 70
37 48
26 93
28 65
20 32
18 69
77 42
27 23
16 43
69 0
25 18
24 95
67 81
35 59
17 14
65 39
9 40
80 90
48 83
60 24
80 45
36 77
64 41
32 41
18 28
2 11
42 61
30 74
78 76
55 69
11 59
0 93
71 61
8 64
1 48
30 32
36 41
39 90
80 86
72 96
5 59
79 66
97 79
17 68
28 61
33 59
50 98
75 41
66 85
28 1
44 66
73 43
12 83
86 96
56 4
28 46
2 25
32 95
55 13
66 27
99 9
34 2
51 2
98 10
26 67
60 65
43 66
17 67
47 29
10 11
98 12
2 26
84 17
69 64
80 55
88 45
93 39
96 31
68 99
71 50
41 40
68 88
64 39
19 87
74 51
93 55
40 17
69 92
85 72
79 67
76 56
19 36
68 8
9 13
25 47
96 20
49 7
65 98
81 99
30 75
42 95
94 44
95 52
18 80
51 34
61 2
15 92
92 95
30 15
0 47
16 19
64 33
12 17
2 91
96 14
98 82
84 10
81 58
7 5
79 74
55 14
23 28
4 97
33 62
75 98
82 99
71 18
31 79
40 53
80 60
90 13
31 42
23 90
71 82
24 91
3 11
17 72
21 72
57 24
1 65
21 69
38 32
23 34
82 35
66 76
9 31
6 84
30 74
70 35
87 26
98 11
2 69
81 74
56 28
20 56
77 76
35 49
36 41
76 83
60 57
77 90
79 29
30 98
62 42
16 85
70 3
84 60
53 85
43 85
71 19
45 31
39 55
4 98
17 24
70 6
38 54
79 66
90 79
48 91
84 26
10 19
66 26
40 91
27 3
50 24
23 1
54 9
94 6
69 51
72 40
13 67
50 80
62 20
52 3
81 21
51 59
56 61
5 69
24 79
89 88
39 4
79 66
70 11
10 49
26 49
97 49
16 17
94 4
39 77
23 23
89 65
43 51
6 4
23 10
36 89
29 86
66 88
19 66
88 45
84 57
23 75
72 11
33 37
58 51
42 33
39 61
68 66
4 63
0 88
38 91
78 13
5 91
3 10
31 57
37 46
71 80
91 86
86 15
10 62
60 52
23 59
10 35
81 50
75 76
33 52
44 50
85 30
32 46
46 11
20 55
85 70
60 55
19 78
6 51
40 17
50 26
17 64
30 0
33 37
19 44
87 49
17 30
96 12
55 42
10 38
97 17
36 67
61 31
16 22
77 8
46 85
68 75
86 4
98 71
61 72
32 12
92 70
3 99
56 88
45 57
28 79
55 21
29 75
84 74
4 30
89 42
58 75
16 14
4 34
31 66
7 87
3 37
36 80
68 28
45 10
70 46
57 0
28 88
74 90
1 34
99 88
44 6
70 51
92 6
36 22
52 0
47 9
83 58
93 86
19 23
11 90
91 49
66 2
34 63
49 65
74 73
35 21
22 18
87 68
91 1
66 77
33 57
63 51
84 30
22 65
41 51
73 58
99 86
86 32
29 96
71 11
97 73
62 64
81 96
45 38
98 26
97 79
87 13
73 20
79 91
2 9
64 12
88 9
78 29
28 72
51 33
60 30
25 61
22 22
23 58
52 67
64 61
87 83
8 84
99 13
3 60
98 73
31 7
49 89
8 98
27 82
50 85
3 79
39 81
5 14
96 54
84 44
97 66
10 50
34 46
27 17
20 73
98 98
59 34
50 38
98 93
68 27
18 63
26 76
18 93
23 58
58 31
88 24
69 18
31 19
81 80
53 77
22 82
38 55
50 58
87 86
15 66
91 15
61 45
91 93
66 41
10 18
47 68
81 81
49 39
98 99
44 56
75 29
26 51
77 29
43 7
34 86
24 17
56 93
61 6
63 62
84 13
49 31
10 15
15 79
96 74
14 74
59 87
92 96
83 64
29 43
94 14
57 17
51 27
6 82
81 86
10 1
66 85
79 73
44 15
82 43
34 43
69 35
78 14
71 63
66 85
88 62
4 37
34 44
14 94
43 9
26 61
68 25
2 77
25 31
16 12
74 53
80 55
37 82
30 39
21 37
45 94
75 58
80 37
7 30
65 31
17 47
47 67
80 68
12 29
31 94
78 82
18 12
81 28
79 89
54 72
50 15
23 87
26 42
78 7
25 21
78 67
1 36
40 12
55 22
39 61
61 97
90 69
47 49
9 32
79 33
2 15
70 20
21 76
32 66
99 38
3 93
91 80
19 27
77 64
41 73
59 42
98 77
25 45
65 15
1 21
37 37
3 38
96 29
65 22
39 91
22 21
31 75
4 64
83 44
79 27
90 94
72 90
15 18
34 51
76 55
52 29
41 95
32 44
13 14
2 99
73 53
67 46
63 91
11 94
56 20
41 69
86 84
79 38
1 3
78 93
56 32
22 39
66 43
73 1
46 66
76 1
55 23
39 0
60 16
34 61
91 59
71 59
53 96
3 3
98 64
31 40
80 75
64 51
5 22
58 72
48 69
96 98
53 18
13 3
86 55
24 39
56 76
90 59
50 13
96 51
70 3
11 33
34 28
25 12
6 15
96 95
50 0
61 84
91 62
17 11
5 35
94 19
11 56
29 70
74 69
75 28
35 93
82 70
64 98
81 20
69 16
6 65
15 91
67 61
76 82
83 72
88 37
15 69
32 95
29 25
25 92
15 97
27 21
50 21
95 14
36 54
81 86
53 78
78 29
3 19
73 50
28 74
41 72
23 13
14 92
12 82
71 35
20 38
36 76
37 20
15 95
23 10
16 31
48 66
76 63
87 93
31 11
7 97
70 37
14 51
43 91
76 75
84 38
90 42
4 57
39 33
51 18
1 64
32 31
11 22
49 97
2 35
52 49
93 25
24 88
13 71
53 73
64 63
39 68
86 23
91 2
30 90
37 18
95 9
10 6
74 8
41 90
53 13
56 23
64 6
83 72
39 37
69 30
33 38
81 14
95 4
51 91
32 57
67 88
84 55
50 47
50 81
32 94
78 75
21 66
50 53
98 58
73 70
31 25
14 59
26 23
70 93
15 9
44 97
82 75
16 23
36 90
58 1
5 86
40 57
73 86
19 76
91 41
22 64
2 63
19 52
58 68
54 14
70 52
43 70
54 52
27 57
75 76
34 93
46 34
32 71
29 30
54 56
20 6
58 68
0 55
5 8
97 9
19 71
61 87
16 36
90 51
22 10
24 89
23 11
9 25
40 81
21 18
83 70
46 28
45 47
91 54
38 47
2 33
69 89
80 55
95 91
40 91
28 52
64 84
48 45
23 76
83 99
73 15
42 24
33 8
44 11
64 19
65 25
35 80
65 2
75 7
92 59
82 85
69 73
25 90
9 49
15 90
66 54
57 21
51 96
80 2
42 90
27 19
75 30
90 87
98 95
13 64
96 64
5 0
30 39
91 46
55 77
19 32
31 56
32 47
3 93
93 89
55 58
75 94
38 47
68 78
20 73
15 58
74 62
29 97
26 36
36 29
41 48
1 86
41 98
48 78
6 18
10 9
95 77
90 59
33 94
40 32
12 50
90 92
7 78
78 91
29 31
14 90
3 78
66 95
60 21
71 37
74 13
76 24
99 54
38 35
84 88
80 90
49 60
60 78
81 30
15 91
80 71
38 58
22 50
58 28
77 15
85 25
41 13
3 19
71 45
40 21
64 13
94 48
67 85
73 69
34 39
5 61
5 90
40 97
24 50
53 76
75 22
68 45
78 22
75 73
69 90
4 18
16 50
0 93
67 55
99 25
46 58
49 24
67 35
0 82
12 57
99 87
66 29
43 78
38 8
75 16
51 76
90 37
36 81
76 33
4 84
52 77
39 5
48 57
51 34
26 93
67 51
79 35
91 39
21 12
84 39
29 8
36 9
77 99
61 52
10 5
2 66
42 34
51 98
13 31
75 67
69 88
83 44
82 82
84 6
71 74
92 15
27 98
37 8
67 60
38 74
56 1
10 80
59 12
62 84
87 39
14 26
10 92
63 17
64 16
44 33
77 33
14 0
98 90
92 42
78 19
95 26
8 36
71 18
15 98
98 46
49 0
41 55
45 44
91 44
53 14
60 36
79 96
51 95
42 15
8 25
83 84
37 50
60 51
57 56
44 20
29 98
16 55
54 79
54 54
28 70
77 80
86 83
0 16
74 26
90 93
14 94
41 37
47 57
42 9
36 18
97 51
70 19
76 3
51 40
9 38
45 35
71 5
1 22
86 12
75 58
52 70
0 61
98 95
85 19
91 31
69 44
77 67
82 21
17 1
20 59
29 89
27 16
37 37
18 85
35 53
51 52
98 12
89 95
20 25
59 12
10 97
11 90
77 19
36 48
99 29
44 77
92 7
0 15
13 54
35 52
32 75
13 34
73 11
29 70
93 25
86 40
73 74
83 28
41 32
80 76
17 22
3 12
60 63
6 42
44 49
90 51
81 57
49 30
61 84
61 20
19 75
61 75
26 54
96 11
33 5
10 49
37 45
37 38
46 70
97 63
73 81
39 95
5 83
60 98
41 38
92 19
26 56
93 53
46 90
90 41
36 79
99 71
29 49
82 37
85 83
67 52
50 60
73 10
82 50
57 64
71 70
54 97
24 28
65 46
21 90
1 3
55 34
62 86
61 43
3 79
35 31
58 44
61 22
72 73
10 90
96 15
5 36
8 60
43 54
41 54
67 49
94 66
47 89
96 30
47 27
56 15
98 81
89 71
59 28
16 41
38 78
46 38
4 79
9 34
37 7
61 78
43 92
60 44
22 40
7 76
62 91
27 8
8 42
57 0
4 30
78 88
2 63
18 91
64 4
41 94
40 34
14 16
75 31
51 3
76 24
81 26
53 18
66 8
39 34
5 33
56 67
89 72
94 1
36 25
85 2
48 28
45 88
63 69
57 69
52 89
59 49
14 50
5 78
48 46
95 76
85 33
47 72
81 64
21 87
4 92
3 26
7 8
27 96
84 34
58 66
1 0
73 66
81 82
74 36
10 66
30 69
29 96
76 68
42 15
12 25
67 8
89 16
49 54
84 59
98 6
78 7
73 15
8 32
65 24
48 75
19 32
82 84
46 86
48 68
93 67
20 28
84 93
52 3
7 2
98 88
36 80
56 36
33 26
6 79
1 6
90 8
99 52
13 66
27 64
71 43
46 35
43 80
60 60
72 43
36 4
74 65
10 54
2 16
7 77
95 78
62 62
62 70
74 22
1 2
1 24
53 54
7 87
5 40
6 23
65 49
56 28
0 11
73 51
26 40
50 28
25 9
70 55
30 50
61 15
11 53
47 91
10 53
82 7
48 41
18 63
46 93
47 22
20 92
92 30
45 51
15 19
31 57
88 81
99 0
71 89
30 18
53 25
89 15
66 27
98 23
64 92
5 34
86 55
94 80
79 85
75 58
45 74
0 86
61 36
73 23
9 17
32 75
87 83
43 41
20 95
72 0
29 55
0 25
76 37
5 18
90 71
4 52
80 65
73 95
44 11
63 19
77 56
39 69
94 87
65 54
30 75
70 27
40 62
24 42
81 2
22 27
58 76
91 22
88 80
46 25
69 5
15 73
37 8
32 58
97 95
8 35
78 12
48 34
33 23
9 47
30 24
1 67
30 24
61 76
98 55
99 27
13 71
11 65
81 95
43 74
96 57
7 55
76 0
78 22
61 45
55 3
42 69
82 69
31 35
47 81
1 79
31 90
66 2
68 30
91 83
88 84
40 63
57 79
59 84
55 2
51 35
33 52
33 43
61 77
91 94
15 62
49 50
99 10
62 54
78 93
17 94
38 37
83 32
61 23
95 25
93 91
75 99
48 3
48 8
17 5
97 19
33 66
91 53
8 26
13 51
29 6
34 59
87 81
32 12
56 66
12 93
58 48
85 44
44 15
26 71
20 74
34 27
43 34
66 89
52 82
10 14
84 8
43 61
9 11
96 22
86 8
99 50
2 70
10 6
69 41
67 55
56 15
76 3
55 25
46 4
43 99
85 61
9 63
43 98
37 91
37 44
27 6
39 34
67 96
25 21
3 92
68 34
65 65
70 61
14 96
28 96
15 1
54 45
70 28
26 85
87 98
90 93
26 12
80 99
12 75
15 57
2 69
15 63
9 35
72 14
36 91
39 80
54 87
74 19
4 83
13 50
62 12
72 81
69 29
26 84
48 59
43 50
85 27
31 10
67 75
91 11
73 41
99 48
66 2
48 65
86 95
86 5
88 20
74 24
42 22
14 8
76 75
85 32
45 51
93 31
38 77
38 95
49 75
25 79
9 58
56 1
94 25
24 10
39 87
0 31
70 79
8 73
48 60
25 35
46 13
75 26
43 10
9 45
19 40
60 35
63 10
90 74
38 60
96 9
44 80
34 12
77 75
30 30
36 89
32 91
52 8
48 80
22 78
40 71
48 45
76 55
58 54
87 64
40 5
36 26
87 44
5 44
63 46
34 47
63 11
45 28
63 89
40 91
99 28
84 48
0 17
41 31
49 27
99 18
82 28
7 38
3 31
48 3
59 85
35 4
11 49
53 11
86 3
12 76
21 17
1 84
43 81
16 71
71 41
80 14
88 52
29 31
50 64
83 62
34 44
41 33
74 36
54 34
26 83
51 32
54 4
29 19
81 12
24 63
49 79
40 63
52 21
23 46
66 75
3 27
96 26
57 82
5 75
94 23
63 20
37 5
48 94
22 93
22 47
50 12
95 34
26 41
69 8
32 72
16 6
83 4
53 32
14 80
76 80
93 36
45 67
15 92
76 63
71 10
9 14
72 4
41 37
99 24
38 9
32 75
48 34
7 31
85 82
73 69
10 68
85 67
20 96
56 70
30 26
21 74
23 28
32 8
34 61
65 53
60 75
24 77
62 50
72 10
72 54
20 46
85 1
48 6
43 70
24 66
54 43
54 21
48 30
66 45
15 22
74 34
75 47
71 13
14 11
17 12
1 87
42 52
63 79
73 75
71 9
16 55
11 11
68 87
4 51
37 45
73 71
58 40
90 29
97 30
43 56
62 69
25 7
12 45
29 9
25 29
97 30
19 95
54 70
71 37
14 16
37 94
50 72
52 7
19 8
91 98
78 59
72 81
36 63
40 35
51 76
19 88
51 65
85 61
87 31
49 73
4 0
18 22
10 26
12 8
8 32
0 28
99 4
21 15
98 30
56 40
89 32
79 8
97 42
91 9
66 51
0 25
36 44
96 11
3 45
98 77
74 74
32 20
74 80
96 37
70 9
27 70
82 76
38 37
41 43
12 75
3 53
68 91
11 8
16 55
31 8
87 16
5 98
59 86
22 55
62 74
58 87
6 76
27 44
78 95
85 79
80 15
25 10
3 69
65 7
46 68
84 44
30 23
93 55
46 86
85 64
29 59
64 13
47 30
9 13
25 98
74 80
27 97
86 94
75 17
33 85
52 77
4 81
91 68
98 90
20 32
53 20
84 50
93 54
61 15
94 71
15 94
20 34
78 41
52 88
92 1
29 76
96 58
19 26
47 14
15 70
38 84
75 11
59 76
25 75
93 33
70 41
27 31
3 23
84 47
80 17
40 12
27 33
33 71
79 23
16 24
45 20
46 82
15 95
35 29
3 60
42 35
15 24
57 90
43 48
26 63
14 76
57 41
44 7
80 88
51 61
1 28
92 24
27 87
61 75
63 70
81 84
8 53
55 60
73 49
59 8
46 58
49 6
50 82
64 0
48 69
90 0
39 89
96 85
82 69
16 25
48 85
9 79
47 67
39 95
60 53
44 48
82 10
67 82
12 90
74 40
77 18
5 7
24 67
65 3
49 17
74 94
96 67
44 39
84 42
35 20
77 47
26 83
98 16
2 25
74 21
0 48
67 55
24 59
19 54
10 64
55 4
45 37
69 5
78 42
98 88
31 29
96 37
1 75
20 57
11 62
84 63
68 0
51 21
59 35
69 10
16 45
92 48
62 86
99 18
7 60
66 2
67 91
34 1
37 16
70 91
2 26
30 4
75 95
16 30
45 28
28 59
35 85
45 19
76 11
64 93
62 90
26 61
70 49
86 78
37 87
64 64
34 25
49 97
89 58
82 87
3 34
67 26
87 73
61 36
93 90
26 84
13 83
12 23
54 56
24 40
43 92
80 67
93 74
88 92
14 36
30 9
74 24
95 29
0 28
80 62
35 7
16 74
30 84
52 97
85 67
1 26
29 26
56 75
41 94
72 74
54 70
35 94
48 42
38 93
66 24
6 51
47 91
19 79
90 61
68 40
51 83
11 74
8 42
59 78
35 84
67 92
20 55
1 24
41 41
95 3
16 57
72 98
93 6
90 82
1 69
10 27
90 7
29 19
31 83
54 83
15 45
91 28
25 12
25 97
87 81
46 45
19 16
1 51
25 59
1 65
46 61
58 9
65 56
40 65
52 50
60 10
9 88
4 64
17 17
34 27
68 29
52 4
79 17
50 6
11 98
0 7
43 40
18 60
51 82
74 44
89 34
97 99
28 66
72 10
84 5
48 73
94 58
12 97
4 91
98 75
74 81
12 57
78 3
92 99
81 44
74 24
71 85
45 66
74 3
49 48
46 0
84 15
55 16
74 7
69 3
25 86
59 33
44 89
76 5
43 94
11 15
92 69
26 40
45 47
33 66
59 88
62 88
85 13
63 26
67 81
56 68
67 79
94 61
77 16
61 23
64 97
9 66
93 12
18 61
32 62
10 27
40 40
93 6
23 6
52 84
89 1
15 63
93 82
63 39
38 46
32 93
6 7
34 50
20 15
51 72
39 8
64 36
42 79
39 53
98 57
5 59
27 46
99 52
62 36
34 51
67 56
23 74
17 75
68 54
94 7
60 48
20 35
9 78
28 81
68 15
7 67
93 63
38 28
96 26
99 95
30 90
80 52
68 15
5 30
37 79
13 49
54 58
2 72
43 84
3 50
16 4
5 29
9 11
96 91
33 97
86 0
93 56
6 75
40 23
43 85
62 28
55 3
77 93
94 36
52 88
18 62
58 57
77 47
29 32
80 11
40 71
37 72
17 52
52 62
15 63
62 4
47 46
76 27
45 38
42 85
6 66
1 53
40 34
33 73
53 89
55 96
15 73
28 13
51 95
34 52
73 22
55 99
15 21
74 11
6 65
17 33
97 3
60 27
72 50
51 43
96 23
24 22
95 26
89 9
31 36
85 80
61 81
8 95
12 12
95 49
47 5
51 38
39 91
80 20
39 45
99 78
95 82
39 61
16 3
54 95
76 4
75 16
33 76
75 70
32 52
63 28
62 47
4 78
27 93
24 68
28 89
39 76
11 17
28 54
22 39
14 54
63 34
27 27
7 66
32 14
60 84
44 36
5 2
1 76
12 81
0 4
97 32
97 55
82 92
32 3
88 56
22 20
17 3
70 81
12 35
49 69
0 89
52 60
77 38
26 40
99 37
29 94
4 90
29 9
72 76
34 45
0 38
25 40
20 95
78 9
72 92
64 57
8 23
42 90
42 85
21 26
12 47
42 4
78 64
45 24
67 45
66 17
4 55
99 78
4 97
6 9
54 69
5 16
59 49
87 73
35 57
28 38
26 3
79 64
87 17
91 95
1 14
69 53
57 36
17 46
59 78
19 81
24 22
26 68
50 71
29 97
97 30
82 95
7 42
97 4
31 67
71 98
64 44
94 87
82 3
41 40
55 5
60 51
20 29
49 48
30 66
31 11
37 69
12 72
69 39
59 86
50 87
83 96
98 63
73 17
41 64
2 36
22 95
49 80
83 97
85 44
1 22
58 29
33 30
8 82
17 43
9 72
51 11
89 31
63 78
15 45
96 55
17 62
2 31
18 64
21 20
43 20
51 94
96 32
65 92
93 94
7 46
4 89
16 63
76 30
77 1
7 98
81 66
8 26
64 74
80 95
49 14
26 96
90 51
68 68
55 92
76 24
15 75
75 93
23 54
97 1
75 53
13 72
98 48
82 84
91 59
90 66
17 24
30 68
12 32
46 50
53 25
3 72
69 71
34 11
25 93
94 32
44 62
77 31
87 39
47 45
93 95
48 31
43 82
15 20
98 18
47 20
89 76
9 87
16 77
38 33
41 4
42 63
25 59
88 35
26 4
4 95
92 62
99 83
84 79
70 80
84 65
62 24
53 20
26 95
29 46
17 14
65 42
74 83
14 89
45 44
25 62
48 8
33 19
98 43
32 28
74 28
22 0
31 36
9 90
15 10
60 74
90 10
55 15
88 94
23 99
25 14
34 93
3 2
16 27
49 98
83 37
72 92
56 28
71 66
27 9
95 26
85 24
42 74
76 93
7 17
87 14
51 73
39 31
90 47
93 89
65 35
68 65
34 17
9 56
77 20
42 58
50 89
32 72
11 24
96 29
83 85
27 30
91 9
93 70
20 25
99 54
1 40
25 0
62 93
31 37
21 72
61 9
25 22
48 67
76 81
83 42
97 16
84 18
21 78
23 26
1 74
60 38
93 96
88 51
84 98
88 62
56 25
61 57
91 32
35 97
61 93
44 33
24 76
16 22
34 69
23 40
38 73
54 31
58 55
2 86
86 86
33 96
9 51
22 55
16 13
79 25
3 13
57 37
0 79
35 63
97 0
91 76
26 22
78 72
18 65
42 64
54 99
73 78
88 86
92 78
60 68
89 56
85 51
32 4
58 59
11 1
90 25
96 89
61 33
48 31
12 6
26 66
68 24
34 21
