69 32
2 71
21 63
50 93
37 59
77 75
11 31
3 68
29 55
68 70
13 9
93 43
28 89
8 30
64 8
73 43
84 90
76 77
76 86
33 27
76 78
75 44
31 41
28 60
28 89
63 83
90 12
95 52
93 57
19 39
76 34
34 91
84 2
46 67
5 0
55 6
60 34
17 88
37 35
74 86
77 1
73 29
86 19
24 15
66 53
63 79
73 58
13 70
43 47
62 46
58 57
85 82
52 97
44 10
11 53
15 32
20 14
53 71
49 84
13 3
31 77
63 21
23 2
89 29
81 58
16 61
77 13
83 71
28 96
72 22
39 41
72 73
85 73
0 9
23 96
49 76
59 13
92 53
91 31
70 38
96 56
41 72
76 91
28 86
15 7
88 85
32 45
36 14
48 38
49 63
85 51
9 27
68 1
89 40
7 9
85 4
41 46
45 52
98 56
97 98
55 29
56 33
5 82
77 21
70 61
45 58
77 44
29 42
57 33
39 57
68 3
54 88
16 55
7 83
83 4
17 72
7 16
45 85
72 4
63 24
21 78
72 1
76 9
0 36
74 52
97 61
38 87
56 84
1 94
16 28
7 71
13 39
75 70
67 66
12 3
15 79
26 8
21 8
87 80
7 82
20 91
96 14
10 99
24 11
97 62
31 24
9 61
61 87
52 16
5 46
33 3
17 0
26 97
24 76
52 66
89 54
5 66
39 62
78 52
86 17
14 12
93 57
63 13
96 0
40 34
84 44
15 99
68 38
71 3
22 76
41 75
79 15
26 85
39 93
68 94
89 47
50 48
74 54
41 41
78 27
92 52
71 85
30 25
1 30
35 11
27 92
92 19
28 93
95 68
84 73
71 41
73 4
15 62
93 92
45 23
93 39
44 89
39 43
54 83
31 45
0 52
27 57
43 45
53 9
73 94
97 48
78 80
71 88
35 66
74 53
12 44
46 72
17 15
68 69
59 78
71 48
72 52
48 42
29 75
53 46
34 28
15 41
11 0
3 60
21 23
14 35
10 55
3 59
9 20
45 56
54 17
84 31
30 49
29 67
49 27
57 48
71 50
77 53
93 97
48 43
28 19
89 14
39 82
52 23
70 81
98 14
5 46
63 44
41 4
44 97
73 62
49 88
25 0
0 63
44 99
75 85
66 56
42 41
0 83
41 16
98 94
64 26
53 47
56 5
55 97
41 7
64 40
4 1
51 34
40 27
84 38
11 66
90 59
94 48
23 56
5 23
75 42
19 20
99 69
34 53
67 64
81 81
22 24
19 47
20 60
92 50
97 86
73 27
72 71
72 43
42 31
4 51
96 63
46 9
77 36
25 29
25 25
60 87
43 52
85 19
22 73
60 42
35 78
36 3
64 90
45 15
15 12
59 72
40 43
70 8
89 68
19 64
89 83
49 2
55 90
15 0
92 58
89 66
46 59
97 55
38 98
89 95
76 37
42 19
1 59
55 81
34 29
89 50
3 67
61 77
22 47
13 70
50 15
99 87
82 41
80 42
10 64
51 27
84 80
88 51
90 75
72 73
7 46
6 43
27 26
15 81
37 67
6 38
28 68
13 23
55 72
64 16
16 80
24 99
30 23
18 24
31 2
1 3
10 88
28 28
38 53
40 56
26 61
46 6
78 24
32 65
45 36
54 57
4 54
3 44
44 12
15 54
32 46
63 3
70 91
67 48
58 39
36 60
46 83
42 73
64 13
95 85
1 56
41 42
43 14
61 41
81 64
48 22
17 93
18 49
15 27
68 43
60 55
10 25
58 15
30 28
34 81
51 64
29 21
46 74
75 75
41 11
97 34
13 99
58 84
33 62
41 40
91 14
33 24
79 61
80 82
29 29
20 29
88 65
43 27
44 85
2 42
64 57
84 48
29 54
43 15
17 77
72 73
91 56
83 27
98 62
38 76
24 55
66 81
1 24
17 38
68 68
98 67
21 55
62 64
72 81
77 98
53 71
36 79
13 62
28 96
63 60
18 25
18 18
68 40
27 26
29 54
42 10
61 26
49 65
51 15
75 75
10 68
98 31
89 74
92 46
38 47
16 33
74 96
40 55
35 4
41 98
81 10
45 27
33 15
88 88
71 33
98 49
11 47
80 93
87 14
89 26
31 19
63 43
57 23
10 65
61 51
96 80
83 83
81 32
8 13
17 3
75 22
20 89
33 73
6 69
55 59
51 9
74 38
24 89
18 44
39 44
20 14
47 57
6 82
16 96
25 89
29 3
77 53
82 66
38 7
52 48
11 0
55 64
82 78
60 20
75 0
59 81
70 49
95 23
86 52
99 19
76 95
83 22
94 40
12 52
44 29
71 33
76 71
65 22
53 72
71 27
11 71
64 27
17 60
11 89
27 76
9 30
64 75
52 10
11 25
97 11
82 70
23 68
71 6
68 43
2 3
28 46
38 68
99 26
15 6
76 4
65 9
12 51
15 53
79 59
38 93
13 4
95 20
75 14
78 42
45 16
25 41
47 94
72 13
75 87
70 68
10 66
32 2
64 37
64 77
49 39
25 28
97 51
81 81
0 38
83 87
31 19
66 45
86 61
25 56
18 9
1 46
8 50
96 52
50 97
31 78
22 32
82 53
73 34
51 14
82 56
0 16
87 67
85 54
2 89
41 22
16 92
76 56
71 9
89 51
42 9
84 13
61 66
55 62
24 99
97 63
40 25
11 79
64 61
94 33
2 58
65 39
82 25
47 38
42 41
75 99
35 72
40 18
42 11
51 45
91 81
95 95
70 84
99 90
71 3
50 98
28 95
39 34
15 26
14 52
2 56
19 32
81 86
33 21
11 85
82 71
1 17
69 60
77 45
8 38
39 88
27 84
64 40
72 9
45 14
25 73
10 42
47 85
30 8
44 65
57 15
88 8
79 34
59 64
5 72
82 43
93 72
82 49
3 41
5 34
17 26
44 34
31 29
56 67
11 93
38 20
75 42
9 24
68 56
89 32
37 66
1 32
45 40
20 31
77 31
76 46
42 36
19 87
0 95
7 90
19 89
61 0
99 81
85 62
37 31
95 40
66 46
73 3
66 35
63 63
57 13
59 57
81 43
14 36
98 32
22 2
4 73
43 46
41 28
52 99
14 76
97 20
91 73
42 86
17 33
13 57
92 71
56 43
93 71
38 37
45 34
63 51
70 80
94 82
50 91
50 16
46 62
68 55
85 18
12 50
85 3
24 49
1 38
73 55
20 77
85 69
0 51
85 92
18 46
8 19
18 23
79 62
78 93
22 51
28 97
27 67
11 8
62 58
13 53
77 43
98 76
64 93
64 71
12 15
68 32
59 23
76 19
75 92
5 66
61 30
75 42
23 13
30 40
45 62
95 68
35 97
24 80
36 29
76 28
31 46
63 25
9 44
96 87
6 61
52 72
67 1
18 58
73 31
31 84
71 19
92 47
49 74
46 62
71 13
89 0
64 50
76 9
61 51
60 48
73 96
62 31
74 96
98 96
79 70
98 55
91 78
20 99
18 1
39 21
95 33
23 14
30 22
98 97
7 4
86 65
70 26
40 92
60 62
87 20
78 83
66 97
33 39
2 43
38 44
36 21
79 1
41 71
81 4
14 96
51 79
34 83
99 51
14 98
23 5
36 39
71 19
0 78
77 53
71 80
9 37
92 19
42 76
79 50
1 30
32 38
45 39
41 52
86 7
67 85
74 11
70 4
25 73
19 67
51 30
62 85
91 50
56 98
90 43
18 43
6 45
15 55
61 34
14 6
97 98
76 54
9 25
21 11
71 72
0 55
99 28
24 78
12 89
95 6
6 70
74 54
80 61
87 72
83 66
70 56
23 99
72 64
67 7
92 73
11 43
10 99
81 28
40 91
69 66
6 51
26 13
74 64
4 58
61 40
79 92
33 23
59 23
80 71
78 40
63 41
40 55
42 13
5 94
7 5
52 27
41 2
66 47
83 0
88 56
41 8
65 56
98 6
63 18
79 59
81 26
55 47
86 44
11 11
96 14
24 39
86 55
7 90
90 34
76 30
81 74
54 82
74 17
38 85
94 68
74 73
0 51
96 67
12 18
58 33
60 91
68 93
64 69
73 76
82 20
66 7
60 5
85 68
84 60
32 81
76 29
92 52
76 92
85 58
48 17
11 78
86 18
19 16
72 58
94 11
70 74
9 22
67 77
9 98
28 54
65 60
29 57
54 33
59 77
31 51
17 20
25 42
11 75
0 27
36 50
19 11
2 52
32 15
48 86
27 62
51 85
97 73
9 79
4 74
22 18
17 59
11 13
13 81
89 26
76 62
74 5
19 52
71 25
40 35
41 0
95 18
79 62
27 37
4 60
73 69
17 50
0 69
91 10
42 84
90 23
82 2
8 22
23 75
87 23
40 45
88 22
60 14
58 80
31 26
66 0
86 38
13 27
44 81
11 35
5 61
97 2
31 70
89 70
50 11
43 92
52 49
96 26
95 60
11 21
90 51
48 35
58 59
60 23
84 75
60 14
85 55
9 22
42 2
0 22
46 88
16 97
34 68
69 22
59 30
82 51
28 36
64 72
94 74
24 63
0 76
58 74
91 3
12 28
40 11
95 16
8 95
29 94
84 61
10 23
41 23
26 91
72 86
99 21
25 55
87 95
77 83
30 46
19 35
1 48
25 23
53 32
30 51
85 55
74 4
57 44
48 36
49 49
27 80
70 28
36 32
79 18
43 44
22 99
92 78
92 2
72 9
90 84
28 32
10 39
17 81
45 39
17 92
42 85
37 78
87 74
7 31
47 18
97 16
24 69
23 85
81 26
94 82
18 90
5 15
39 59
1 25
74 62
3 7
5 78
53 85
0 47
69 40
86 1
12 2
82 64
47 7
44 75
46 36
53 3
94 99
59 47
21 43
45 75
23 29
94 29
67 16
20 34
82 41
74 60
4 82
82 27
93 84
9 94
57 42
4 16
15 80
40 23
9 88
56 4
17 99
9 59
12 63
22 61
64 80
70 7
96 17
39 40
76 24
88 11
98 85
81 50
11 86
65 91
79 90
4 81
12 20
34 70
96 99
20 90
52 92
18 5
80 10
96 17
73 60
37 10
46 87
29 8
18 34
34 11
9 28
53 8
97 89
70 58
98 7
89 86
45 82
6 8
97 73
71 47
84 19
65 59
85 58
88 52
29 39
63 26
59 19
0 23
15 96
31 69
39 15
1 49
97 40
10 54
23 70
7 86
96 58
94 81
38 82
99 88
60 10
16 69
58 33
71 68
35 32
82 65
82 95
32 50
52 93
18 0
9 38
48 57
57 27
97 86
73 17
36 18
18 50
73 24
45 45
60 53
48 74
36 35
28 32
86 99
47 90
34 58
12 92
70 26
4 40
95 0
27 73
37 55
0 59
99 95
33 75
61 90
39 36
55 15
56 21
3 38
42 77
15 92
99 61
49 91
1 5
58 72
84 34
72 10
29 29
68 6
74 28
64 1
47 21
85 65
47 3
19 80
20 97
59 17
11 84
25 53
63 20
4 37
27 94
79 65
50 17
77 0
95 11
59 69
70 93
17 29
61 97
2 45
54 50
19 75
60 77
7 52
3 51
36 17
53 95
93 70
67 38
67 42
29 48
4 85
61 16
94 70
61 31
56 17
43 1
64 52
1 36
97 28
85 89
1 18
98 92
82 82
71 68
96 16
19 7
86 10
66 11
10 42
88 81
82 20
44 41
8 25
94 70
36 60
68 23
69 69
37 46
45 93
14 16
74 58
78 69
93 40
57 30
68 79
85 68
10 13
68 90
17 26
44 26
93 98
64 64
19 18
18 32
48 63
6 81
87 24
98 57
77 7
89 15
28 74
9 87
41 61
52 97
38 70
59 4
70 56
82 56
15 29
2 6
58 56
8 59
9 58
74 72
58 46
51 8
58 34
87 82
72 60
92 5
34 59
22 45
69 23
82 36
69 26
17 64
35 7
15 75
27 87
42 61
52 99
15 44
46 61
52 42
97 82
3 50
51 51
26 0
56 90
51 70
45 12
2 83
11 85
69 44
76 28
47 84
43 40
44 20
64 33
80 62
82 63
61 33
16 19
67 1
65 51
34 53
19 49
38 18
47 66
42 82
10 17
9 9
47 14
30 90
60 55
22 22
86 14
68 12
5 27
84 57
94 68
30 38
83 83
76 2
37 58
63 61
96 42
19 53
76 68
86 45
38 51
99 75
69 12
9 46
78 90
89 55
73 43
32 75
13 78
77 10
38 9
16 54
18 10
78 39
15 24
16 62
46 29
10 56
90 5
3 16
75 42
3 59
65 78
56 43
2 56
9 34
78 2
44 24
40 87
57 7
70 0
11 19
16 53
92 73
7 45
84 68
20 5
54 14
98 45
73 14
52 88
47 38
14 23
79 96
10 51
73 38
90 22
60 83
97 34
56 86
43 88
16 41
85 88
9 38
68 22
15 25
88 65
71 3
0 94
15 57
61 3
46 27
84 84
71 22
51 45
91 60
22 21
16 3
58 51
9 70
99 88
35 35
15 0
7 84
62 8
61 55
35 31
71 79
94 83
7 61
24 74
20 42
64 74
96 19
75 74
37 15
51 90
13 68
51 25
48 49
50 92
92 2
29 10
53 76
30 86
28 55
42 61
44 89
89 77
55 76
25 60
50 31
48 81
16 45
66 92
69 79
86 16
70 3
19 34
99 48
63 99
47 20
19 34
7 67
86 31
49 63
74 27
11 53
46 17
37 45
11 36
80 96
57 10
47 89
66 49
61 66
68 92
36 1
10 8
88 27
37 3
64 90
72 17
26 25
70 89
28 44
53 51
97 71
11 83
0 88
76 88
65 83
15 10
22 69
26 84
76 90
59 71
34 3
53 55
36 72
70 59
60 43
42 79
81 17
99 7
97 57
75 7
41 62
11 33
94 92
89 50
34 94
36 73
91 70
31 57
31 93
3 57
65 41
41 53
67 60
39 94
29 47
33 42
29 7
88 77
91 98
38 78
67 54
85 26
88 21
36 18
35 36
54 52
0 30
66 21
93 3
10 60
13 70
76 88
42 6
18 93
18 44
97 64
18 94
84 10
68 18
18 96
15 94
73 48
77 30
77 86
8 27
92 52
52 99
71 90
68 56
1 39
30 49
34 20
72 19
47 45
1 80
68 93
12 66
46 85
31 26
22 42
34 27
33 27
11 69
74 16
34 32
69 73
76 58
69 45
21 12
21 19
44 92
66 2
74 36
20 75
23 61
25 95
99 71
10 9
77 76
84 82
40 87
54 56
96 46
38 92
64 97
13 91
47 29
71 3
23 61
78 61
4 72
98 42
7 43
33 22
95 12
87 28
0 52
57 20
85 81
57 37
41 82
5 23
50 31
25 27
22 12
66 64
51 26
33 99
69 72
79 66
1 98
18 46
91 3
4 0
32 95
95 36
33 16
68 13
17 31
87 60
73 69
99 68
60 51
2 69
33 61
56 4
86 13
89 47
40 28
60 70
12 81
30 68
28 27
46 61
34 23
29 72
89 29
21 97
90 3
66 42
60 62
5 41
67 66
69 28
45 92
18 0
62 90
63 35
22 53
11 73
48 65
8 56
85 94
8 11
85 67
91 24
14 4
32 50
83 96
0 77
42 6
72 71
73 38
7 51
49 12
71 24
93 9
94 88
22 15
72 69
19 22
3 12
2 58
43 4
67 99
47 94
44 58
16 63
62 70
88 25
20 35
94 89
97 98
40 0
63 85
53 40
17 8
68 22
5 44
40 86
6 3
54 7
71 17
72 91
37 89
88 13
53 27
20 17
78 76
50 75
17 10
27 93
34 62
76 86
74 23
97 75
13 97
50 23
50 58
34 45
25 27
29 94
36 6
17 24
73 75
77 19
63 9
66 97
43 11
57 27
74 38
13 90
24 64
41 75
14 5
89 47
50 81
25 66
71 70
53 30
17 96
51 18
90 74
42 63
47 83
65 19
4 73
56 20
66 80
88 11
70 26
24 90
58 70
31 79
59 95
97 58
63 62
58 53
26 82
96 2
36 62
31 56
41 61
93 89
23 86
32 3
3 2
97 70
82 46
87 70
19 31
47 2
26 93
28 52
38 16
94 93
90 97
3 51
37 40
90 93
36 81
60 7
33 89
91 55
53 53
84 31
32 13
68 24
76 38
43 30
3 40
42 57
14 0
45 40
79 1
46 28
5 29
11 31
91 53
26 12
17 0
92 38
97 78
93 57
37 72
98 93
40 95
38 46
40 69
37 74
67 5
57 61
17 87
7 6
13 12
86 83
18 55
34 54
12 51
49 37
98 67
4 27
70 32
84 84
51 42
39 63
39 98
51 97
21 38
19 45
44 89
55 6
53 12
10 97
53 29
99 67
99 87
91 9
92 51
46 98
60 42
63 29
40 67
93 76
21 30
95 88
4 20
14 30
46 97
41 69
5 24
73 25
39 29
2 35
47 93
90 54
66 93
1 89
57 76
73 10
76 71
7 19
16 22
9 3
76 29
25 59
88 22
94 89
75 81
61 52
11 45
11 82
30 44
29 39
84 6
52 43
6 30
35 49
49 18
57 40
11 88
47 43
69 57
89 72
54 25
44 30
7 39
41 87
32 74
71 67
21 76
22 58
20 38
79 40
6 81
34 99
17 83
71 84
17 40
84 94
13 7
39 55
60 52
72 9
79 56
68 44
77 23
8 76
18 56
87 6
72 25
21 70
7 85
14 32
79 28
2 75
16 66
54 4
37 71
68 55
35 88
6 63
68 21
64 53
23 34
23 80
35 12
92 14
60 58
2 53
72 88
63 6
46 2
41 37
83 96
53 7
54 36
59 69
49 64
48 49
84 23
99 86
54 82
25 95
74 31
17 36
92 32
91 48
15 48
41 2
45 39
87 11
13 56
45 59
17 84
78 56
4 0
43 95
65 13
27 80
73 55
85 25
70 84
6 65
88 27
68 98
80 21
94 88
83 66
66 20
43 95
76 10
80 3
0 69
50 39
5 7
70 82
84 11
82 45
29 57
57 56
27 15
51 77
30 26
53 80
8 23
4 55
61 10
32 31
60 22
54 63
65 82
73 21
4 44
41 30
74 28
37 49
35 23
63 51
51 17
78 74
5 23
87 31
49 29
35 44
1 87
4 38
14 14
73 79
23 58
39 64
94 50
33 16
90 19
28 68
46 88
28 82
4 65
17 40
92 7
26 35
77 52
66 59
20 51
59 56
64 74
71 81
6 98
9 61
10 47
65 63
33 5
3 70
5 49
62 5
69 24
60 51
30 21
44 66
87 41
6 81
31 64
6 63
24 21
16 46
22 6
99 49
65 2
24 97
88 23
93 30
66 59
53 72
14 53
19 12
83 72
15 77
80 24
24 70
30 67
66 65
73 18
97 48
95 48
71 52
49 91
27 63
94 98
79 39
35 97
11 27
44 63
78 28
15 33
39 72
2 56
60 73
93 21
0 66
6 18
47 82
32 76
51 65
34 27
68 86
44 18
15 54
2 43
42 82
56 24
14 51
54 76
58 87
93 40
23 14
45 58
45 63
65 55
94 39
28 3
72 44
9 65
31 10
21 72
79 12
3 50
79 35
28 50
75 82
65 55
55 89
30 78
17 35
92 56
27 2
21 54
4 70
18 81
5 61
69 82
22 21
8 85
43 26
70 43
16 30
53 30
92 90
8 64
69 99
69 31
59 81
57 8
32 18
67 89
82 18
6 8
55 74
71 85
17 78
55 19
48 99
45 16
37 33
22 34
4 82
40 48
9 80
77 32
83 35
40 0
57 33
29 56
89 93
41 0
58 82
23 78
56 50
17 54
67 47
54 12
8 72
94 62
35 51
55 63
37 30
1 79
24 7
32 64
61 36
48 92
61 47
14 60
20 74
57 32
33 35
47 24
98 22
1 15
66 23
64 73
4 5
98 46
55 15
77 13
94 83
5 82
27 88
36 36
75 88
37 98
28 13
77 64
41 11
50 37
12 35
9 38
13 95
59 69
31 13
22 15
73 76
41 6
67 1
25 20
13 71
9 80
15 9
52 2
33 79
78 41
53 3
29 38
55 25
97 8
36 2
25 22
38 53
35 92
98 94
85 58
87 31
78 62
71 96
49 68
96 27
72 94
40 28
91 52
40 85
70 38
97 61
9 53
84 50
46 16
44 20
20 99
69 36
94 83
39 57
38 71
68 54
63 22
38 12
1 2
4 22
55 56
15 10
65 65
36 57
84 41
36 6
30 31
58 19
91 32
44 89
60 18
85 16
37 95
47 46
90 42
8 48
45 15
65 18
47 50
69 32
72 89
15 28
52 77
43 35
51 85
78 30
51 87
4 2
93 42
42 91
94 61
4 36
78 48
28 31
10 8
88 58
17 26
92 7
48 62
4 72
8 74
44 66
84 92
40 91
47 11
7 89
76 23
31 21
80 14
27 8
6 35
52 80
45 45
88 74
52 51
75 47
40 78
87 61
25 86
31 59
58 2
67 27
70 23
90 31
86 88
59 82
55 3
46 73
23 89
30 69
62 42
19 67
45 39
86 53
12 21
38 10
44 67
54 70
71 99
68 54
19 33
60 35
5 15
9 69
75 88
87 81
40 3
54 36
2 7
2 32
75 89
51 45
32 81
3 29
12 85
14 79
49 30
9 58
8 80
74 0
69 92
35 9
48 76
89 54
3 95
66 94
16 50
78 23
99 70
95 56
15 22
63 18
27 83
91 88
80 46
65 23
57 70
21 29
16 99
55 50
59 63
15 13
66 35
87 65
3 80
49 51
45 54
12 45
21 80
97 71
33 93
93 25
8 46
69 30
35 54
9 43
64 27
97 11
88 41
37 90
53 43
94 27
94 60
45 62
15 96
28 1
84 73
95 51
68 96
45 79
97 19
98 86
89 54
31 87
12 8
76 6
9 13
62 3
87 58
37 68
73 93
23 18
75 5
66 11
38 48
50 52
93 47
95 22
94 1
78 50
1 8
77 21
76 61
96 47
46 66
89 88
11 85
99 0
19 50
91 75
66 17
67 74
49 93
59 59
84 40
5 87
47 17
72 36
8 46
76 40
64 73
56 76
25 41
40 45
93 68
45 43
49 40
46 43
20 47
11 29
45 35
21 66
78 78
80 14
10 81
28 69
62 7
23 14
27 81
45 89
40 23
29 6
29 37
79 42
26 3
27 65
14 66
41 63
18 44
46 43
71 62
45 2
59 96
57 46
14 12
14 82
99 15
30 51
72 52
35 24
56 26
74 54
79 33
90 3
59 99
73 12
58 77
2 20
10 71
23 43
60 96
93 86
80 47
66 97
85 77
22 27
60 48
9 84
9 23
63 85
26 31
86 32
22 93
40 46
33 2
41 37
26 79
31 9
22 29
38 21
27 27
87 30
59 73
47 68
50 9
65 54
37 32
36 79
97 72
14 16
47 59
86 24
89 94
87 65
60 67
44 93
8 3
19 57
69 40
93 49
40 19
76 0
49 29
64 22
66 88
82 79
68 51
26 93
35 29
91 20
36 10
36 17
83 62
81 13
7 95
10 95
89 33
11 25
83 56
66 59
92 6
8 57
11 22
86 27
74 56
51 81
85 5
57 51
60 5
78 77
19 80
87 39
99 14
67 77
89 11
33 17
25 78
37 57
58 19
50 6
93 2
12 65
7 6
8 21
59 99
85 41
23 80
32 40
13 20
75 78
21 67
41 81
60 71
81 24
56 96
53 2
95 44
30 3
70 3
45 78
84 19
23 46
29 47
80 86
94 53
44 66
61 96
64 69
41 79
95 20
86 3
96 52
2 19
64 71
42 53
19 3
87 68
47 3
19 36
24 26
88 6
53 21
59 77
91 56
28 76
8 16
22 65
31 20
49 40
82 53
55 20
34 66
72 63
95 8
99 73
79 3
86 59
27 1
29 56
45 83
34 91
92 92
45 10
69 60
52 50
62 18
6 68
87 73
55 12
68 66
51 52
18 89
96 76
94 44
53 83
64 48
81 8
53 45
95 33
78 62
79 40
17 5
25 65
98 88
36 75
84 60
14 38
40 52
46 76
89 65
42 11
80 13
10 62
46 14
17 36
51 5
78 53
42 2
73 82
78 70
32 95
95 50
64 67
30 21
72 96
93 25
44 64
86 34
45 75
61 80
49 85
72 66
81 22
63 10
15 60
64 71
37 6
32 76
41 43
35 51
66 96
53 27
67 65
26 61
27 57
31 73
32 89
48 47
36 31
20 4
41 79
12 39
32 94
28 91
17 37
24 95
64 52
30 55
55 80
71 76
6 69
27 67
71 56
76 14
36 52
94 40
45 51
5 19
82 28
63 54
96 99
57 95
55 96
23 1
16 7
50 83
88 27
29 46
69 66
44 95
95 9
1 19
85 60
51 82
61 36
84 74
50 71
49 98
73 44
37 42
26 47
82 52
91 31
27 72
97 98
98 45
70 77
4 52
51 25
15 92
99 93
83 70
47 38
9 33
71 67
87 25
57 72
76 81
85 68
47 87
25 74
41 44
42 21
68 27
34 40
17 46
71 33
94 70
23 87
36 2
82 90
94 79
82 58
31 26
17 16
25 42
20 80
67 72
65 26
68 81
54 95
68 99
32 70
18 82
47 8
83 60
88 21
86 78
71 16
72 41
55 65
70 70
14 9
25 2
81 93
21 25
98 87
5 99
60 45
5 95
81 27
65 63
55 24
98 8
61 27
15 8
46 32
66 78
7 20
58 1
80 13
14 51
88 15
55 94
42 14
75 72
27 41
51 91
98 14
75 65
57 76
63 2
88 49
68 86
30 79
99 97
0 61
44 91
7 49
3 57
50 21
88 21
79 82
37 21
44 29
96 55
57 17
12 28
60 3
76 26
82 20
35 46
96 68
51 30
7 95
20 55
4 93
79 31
71 18
38 57
7 91
90 0
63 38
84 17
58 36
28 7
56 81
47 37
35 47
42 23
5 62
75 53
8 84
88 33
29 57
30 65
82 9
52 96
74 5
20 97
58 38
69 52
49 0
38 14
39 70
38 43
15 94
88 6
46 28
68 71
15 70
47 39
77 11
23 85
21 76
91 88
53 90
86 26
53 90
5 83
75 57
30 0
18 7
6 34
18 82
7 34
56 6
78 66
84 13
47 21
2 20
51 43
85 24
73 71
96 94
64 50
59 51
51 25
94 53
66 85
77 22
68 20
44 46
70 67
79 82
11 3
80 41
52 37
79 28
30 46
3 66
26 46
23 46
8 19
92 51
95 36
85 75
92 76
34 71
29 49
18 75
44 40
51 43
67 78
39 5
66 48
96 88
23 27
47 24
50 32
18 62
46 54
23 27
54 23
88 40
47 88
5 64
77 55
39 38
92 67
58 48
29 91
1 53
13 50
32 18
65 91
54 47
26 39
24 76
43 95
25 76
13 16
64 13
55 12
8 37
14 99
70 70
42 98
36 17
41 62
20 52
12 68
38 99
4 84
30 79
83 71
1 38
35 66
31 34
93 23
46 22
46 98
97 0
70 69
59 12
82 40
72 29
63 48
48 89
68 44
71 44
9 44
69 91
12 93
59 63
80 45
81 79
55 49
73 25
48 84
88 33
30 22
68 15
96 89
22 88
65 67
89 98
61 12
83 35
5 49
82 51
79 77
33 29
2 67
84 16
89 36
9 85
5 75
33 52
92 34
2 99
67 66
46 91
88 57
60 6
25 15
18 7
31 32
94 31
70 92
97 96
44 93
73 73
84 60
73 9
78 64
59 35
4 80
13 89
14 71
84 79
81 34
97 23
44 32
17 15
32 29
27 10
6 33
64 3
67 98
82 74
83 45
97 8
93 73
82 13
66 89
72 96
32 74
5 47
5 16
88 75
20 73
72 90
43 50
30 19
45 42
98 51
18 84
84 34
13 9
93 3
81 27
38 35
35 36
36 10
75 57
61 48
57 84
47 84
26 15
87 71
3 4
43 99
57 98
56 32
30 45
65 55
38 41
32 81
34 43
72 34
17 53
18 38
20 18
80 96
72 9
47 9
76 22
20 67
24 18
49 91
68 0
72 44
54 72
64 18
60 83
40 89
76 34
13 85
80 56
83 17
68 91
90 87
65 66
17 52
13 52
27 72
76 51
98 75
89 67
48 69
41 41
52 68
63 19
60 32
98 9
84 56
43 33
28 95
53 67
1 39
57 20
90 1
26 9
45 33
42 86
95 92
27 60
99 51
3 65
41 61
57 14
59 9
68 83
5 25
21 14
58 35
3 87
2 10
81 6
98 56
18 1
80 49
55 76
59 2
92 42
3 54
66 6
33 60
52 2
29 43
5 62
55 31
28 96
28 69
29 42
21 36
0 61
81 5
92 93
55 40
97 66
26 32
24 45
80 77
78 97
77 48
60 23
72 38
27 35
94 48
48 42
66 55
73 29
5 28
24 4
95 2
31 95
54 83
88 87
89 15
75 16
87 75
39 41
10 89
94 1
97 89
3 25
62 43
68 78
24 21
95 32
36 80
45 3
98 35
70 85
69 52
39 24
69 97
49 53
79 0
37 73
30 2
57 7
55 86
54 23
46 94
10 62
44 86
96 5
36 15
9 82
70 14
9 92
25 58
19 90
44 43
33 39
51 67
24 33
43 22
6 28
7 89
61 40
44 16
19 30
76 56
66 54
98 82
34 4
29 1
72 13
81 42
2 0
54 38
44 38
0 75
77 65
79 87
63 40
36 22
51 80
24 94
60 70
3 59
33 25
47 44
21 76
19 8
3 99
94 98
82 22
56 59
55 55
98 72
92 66
41 39
7 9
89 1
0 25
55 67
67 94
85 37
34 97
0 2
5 92
94 38
26 82
54 36
7 61
33 64
82 44
57 60
8 13
7 85
85 11
5 12
40 31
42 69
6 20
49 45
47 16
44 87
87 69
81 92
38 56
82 87
51 4
34 93
82 63
87 57
8 49
16 24
58 33
86 64
85 15
39 70
14 82
63 5
2 3
15 97
27 94
78 64
79 98
38 2
32 11
27 99
49 17
38 13
76 42
81 18
16 52
29 36
93 14
71 60
30 97
43 40
95 73
90 28
39 72
15 70
67 21
0 61
79 30
34 47
12 45
27 95
63 27
86 18
81 48
20 19
56 22
5 32
69 69
12 43
22 4
96 99
70 34
7 64
95 53
84 16
35 7
52 26
82 62
36 11
50 97
94 92
20 46
53 39
18 0
42 13
14 98
24 79
66 37
46 0
84 88
84 90
48 70
88 52
51 75
78 64
75 20
9 17
21 33
91 7
50 36
42 42
24 20
29 19
86 58
19 28
55 94
42 99
64 89
27 13
77 81
0 49
77 54
49 7
15 8
3 9
48 17
38 5
50 96
86 79
35 41
89 45
43 28
86 85
34 64
97 17
54 53
2 18
79 78
27 45
47 22
25 65
68 33
93 47
16 17
23 11
93 7
88 52
41 4
25 48
55 40
26 80
98 62
68 46
50 20
89 49
57 23
37 19
76 82
63 84
69 32
44 14
47 20
11 51
96 68
81 10
27 36
39 49
54 4
62 99
61 84
16 6
36 88
76 67
73 11
8 68
14 19
9 77
22 90
88 83
81 28
63 42
57 89
90 46
22 39
0 19
61 19
85 7
5 52
84 24
74 9
15 51
79 85
54 76
89 7
78 55
28 15
92 35
93 73
5 57
57 88
78 79
6 84
38 81
3 48
27 91
97 75
78 92
83 31
3 3
53 34
41 81
56 93
38 34
60 50
38 11
8 66
8 63
23 87
53 24
99 66
51 92
2 89
49 53
34 19
93 74
33 52
37 11
78 86
23 39
22 52
11 35
47 82
54 46
80 77
4 71
17 32
82 99
22 7
82 60
2 8
6 21
50 47
22 94
29 79
13 34
14 57
10 63
68 74
57 58
59 81
33 92
68 26
98 76
33 66
62 18
76 82
15 67
35 21
89 22
34 86
30 90
81 59
21 29
26 44
11 41
37 39
43 93
93 58
93 2
82 13
41 94
39 90
69 17
93 54
56 19
44 82
5 65
11 25
27 70
63 52
90 32
45 35
42 51
51 2
38 46
57 5
71 30
60 71
98 31
68 1
80 44
0 68
21 69
27 36
80 62
48 52
52 51
44 34
65 46
31 25
92 97
24 44
69 68
6 97
88 57
79 30
14 30
66 78
76 67
29 51
60 17
36 98
3 70
77 76
82 94
40 56
61 56
17 12
81 54
95 1
34 26
87 89
44 13
97 3
17 75
26 74
51 83
12 34
65 80
86 11
64 14
47 50
68 90
48 37
89 70
3 6
15 60
23 35
88 61
6 32
8 64
66 85
65 7
47 98
8 30
95 37
43 96
43 59
81 10
2 85
39 36
67 0
61 29
96 71
28 18
96 12
25 24
68 77
14 46
6 96
87 53
30 97
19 30
77 63
20 47
38 42
77 74
11 68
83 26
21 77
50 24
28 87
64 97
97 57
78 24
8 55
2 30
60 75
25 13
89 71
21 58
21 99
14 74
18 84
73 63
19 14
33 94
85 29
33 80
88 6
33 33
98 0
5 4
27 4
91 77
38 50
1 79
91 97
25 2
61 91
7 40
86 48
24 45
76 71
92 57
18 82
55 37
12 18
96 98
47 27
14 89
81 33
26 38
63 51
88 52
3 18
77 40
93 34
5 97
1 76
82 27
39 95
21 35
9 57
23 91
80 65
23 23
29 42
13 78
58 21
10 93
1 63
55 36
17 25
19 6
15 33
25 16
42 61
37 33
37 57
18 80
85 16
80 49
15 67
91 69
71 48
31 64
99 81
97 84
9 31
10 32
98 24
27 98
59 7
9 65
38 91
61 85
70 90
10 48
66 24
6 93
3 82
23 39
64 56
75 64
26 99
90 2
23 31
74 66
96 73
75 44
10 22
48 42
80 11
42 68
31 51
55 55
34 54
58 60
24 69
9 40
3 58
31 17
82 26
71 72
66 11
41 81
73 47
24 43
35 77
99 56
49 58
51 15
11 69
40 76
28 27
36 28
45 78
77 46
62 11
39 16
92 17
9 58
8 16
15 63
62 34
4 2
22 41
17 49
26 45
5 71
20 67
38 99
31 46
0 58
40 52
9 18
0 32
81 93
82 83
30 67
26 5
15 28
31 62
64 56
44 81
22 97
95 15
85 42
18 55
5 64
48 4
32 53
58 76
60 43
24 24
30 72
70 23
51 27
94 11
50 53
73 49
89 77
78 1
23 37
34 47
98 43
77 88
42 82
43 11
78 96
18 77
53 47
43 3
36 63
11 4
82 44
88 38
75 73
13 9
22 44
46 73
80 6
7 19
54 53
38 79
67 84
71 12
57 83
32 1
54 36
41 19
48 21
14 11
45 11
3 21
92 46
99 61
24 6
11 73
96 98
69 35
59 35
16 89
45 23
70 86
57 13
37 98
88 60
75 44
93 60
76 47
31 81
8 56
60 31
53 87
16 72
97 44
50 84
76 66
72 94
25 36
97 36
7 40
22 56
74 58
21 88
17 90
50 71
98 73
26 5
16 59
42 49
97 80
4 0
96 29
76 81
76 14
90 11
46 10
86 95
19 84
19 98
70 51
45 57
0 12
85 87
81 52
50 19
10 2
49 27
48 21
8 52
8 53
84 19
46 98
32 79
27 66
85 36
30 57
23 35
19 82
36 43
47 51
68 31
95 3
77 5
59 55
68 27
80 35
27 40
52 90
60 29
54 93
78 44
90 28
46 89
3 1
45 3
39 42
4 17
74 33
84 50
13 30
40 17
57 87
67 93
36 34
86 57
31 32
90 71
29 17
53 50
3 72
39 72
73 68
83 29
51 43
27 41
23 78
56 84
14 45
49 0
57 5
79 90
95 59
45 69
52 66
68 43
48 0
46 90
88 69
43 6
99 69
28 35
85 59
32 74
32 94
83 83
0 39
81 78
25 30
35 26
87 85
64 40
5 43
30 32
48 46
73 73
70 56
13 21
58 58
96 88
31 25
15 39
77 36
25 55
42 82
80 97
21 6
27 5
15 32
47 12
74 62
46 11
15 27
68 88
23 26
28 50
42 78
19 64
51 21
92 78
69 58
4 79
62 92
62 50
61 80
25 44
78 41
80 13
35 50
83 3
51 72
57 63
65 2
37 26
78 17
72 87
75 83
59 69
11 67
89 43
0 42
20 13
27 68
45 70
33 38
76 61
71 34
93 25
13 60
76 28
75 4
11 77
36 92
97 64
92 51
9 3
95 50
56 43
50 22
92 17
86 14
1 65
3 78
61 14
34 24
75 43
46 63
68 62
31 97
6 71
20 57
4 39
19 84
90 58
95 79
20 77
13 82
41 52
90 68
70 63
56 47
40 15
18 96
50 44
17 58
67 29
68 28
76 43
48 69
40 17
69 76
15 63
75 22
80 66
0 22
10 28
73 87
42 24
12 74
15 76
89 44
98 45
31 64
39 63
33 72
95 90
4 76
4 71
4 59
34 51
91 94
55 13
28 23
49 86
3 22
2 66
52 2
80 68
30 34
91 62
71 5
40 7
21 39
71 85
39 65
51 18
44 28
60 77
67 4
65 53
28 66
99 42
49 92
94 14
9 29
43 98
25 61
93 73
68 53
76 9
97 18
43 89
66 98
28 69
74 96
22 48
74 89
10 47
65 51
86 67
67 69
58 5
72 75
40 95
12 99
67 98
97 80
90 82
86 6
13 86
15 38
20 28
26 72
87 51
28 62
70 83
33 38
82 12
91 95
59 19
50 56
68 65
4 22
72 54
27 15
50 46
55 19
59 57
88 22
34 72
33 17
21 53
86 45
6 63
39 46
36 55
29 61
91 2
53 60
65 33
31 18
23 21
36 69
71 67
91 75
67 51
89 89
50 74
35 66
6 90
44 99
50 57
94 12
60 29
89 87
77 83
34 98
0 73
10 30
17 25
20 95
19 11
43 93
67 10
43 95
6 44
45 2
13 75
45 76
84 14
27 10
53 67
30 71
29 76
33 26
27 69
22 7
4 34
83 57
47 29
31 66
14 98
83 15
5 65
1 70
17 76
28 46
63 90
0 45
74 63
68 51
63 41
30 98
55 50
39 89
94 3
78 98
86 76
77 43
2 57
10 48
0 29
24 89
17 24
18 93
15 86
55 87
51 18
3 84
53 81
77 38
16 4
53 11
58 22
20 69
48 10
78 21
54 31
18 45
85 13
48 78
17 49
71 54
17 48
58 74
56 61
9 67
49 11
48 18
51 68
75 54
51 23
98 97
13 31
27 1
5 69
14 60
22 76
4 18
19 15
35 7
46 50
52 17
33 37
14 26
35 30
51 69
51 65
25 13
99 64
70 18
48 72
27 28
91 42
13 25
15 70
97 47
81 94
30 39
36 66
92 4
27 79
95 34
24 76
64 96
79 20
76 71
13 9
55 33
1 81
31 31
60 6
0 23
3 55
74 29
27 18
13 14
96 4
92 41
74 63
86 6
36 37
12 44
38 33
59 84
42 7
1 70
9 84
22 58
39 87
57 63
4 48
66 50
56 17
74 67
6 72
45 95
36 77
55 38
22 72
91 87
24 24
72 88
84 29
32 0
93 24
58 94
36 86
30 32
41 14
8 27
22 49
57 80
94 54
89 92
29 50
26 44
65 90
63 76
36 44
25 97
57 59
98 53
88 58
10 6
62 10
3 53
60 79
27 0
74 0
37 26
59 34
93 82
43 12
75 3
53 32
83 54
67 67
4 48
90 65
66 50
18 75
42 86
86 18
51 96
56 5
96 72
76 58
51 94
41 53
44 48
83 96
14 6
79 14
45 68
72 74
49 35
19 99
18 45
2 22
16 31
0 7
5 75
40 24
13 63
30 98
45 71
78 13
51 50
93 14
29 76
29 27
68 94
28 91
94 26
6 83
99 33
50 0
45 86
15 41
14 69
28 79
99 8
18 63
82 9
97 4
39 52
88 63
54 86
53 79
75 74
64 0
99 90
34 30
99 42
93 85
19 21
38 20
65 40
88 58
86 71
23 40
63 48
11 61
32 67
54 11
77 40
7 6
45 87
60 62
96 49
3 35
44 22
76 96
8 26
62 86
35 48
55 66
34 33
57 38
81 53
71 90
83 24
63 5
49 99
85 15
4 65
67 77
64 0
6 69
35 38
57 66
23 17
25 10
24 51
14 42
42 25
96 69
53 70
59 1
86 35
15 63
30 58
10 61
80 51
44 85
95 57
50 91
67 13
82 87
77 56
10 96
6 54
65 92
93 31
93 38
84 61
39 64
22 70
89 76
83 60
86 81
8 78
51 21
78 36
20 66
43 18
97 58
94 41
2 51
72 74
56 95
1 7
62 95
73 95
58 50
86 10
13 77
37 73
2 20
54 79
53 3
53 48
31 54
82 17
75 62
45 44
9 21
10 29
38 24
43 65
7 79
28 77
83 12
18 59
77 88
19 97
7 38
37 71
0 81
5 38
73 25
98 96
38 68
86 13
1 67
71 58
55 58
6 66
9 84
60 95
86 96
86 70
60 67
71 53
56 7
52 56
62 59
95 30
4 24
82 41
69 27
2 68
17 93
3 44
84 35
15 57
0 18
95 79
39 69
5 76
51 36
38 20
92 73
41 58
27 49
53 84
44 66
20 31
83 86
32 40
14 2
74 62
91 96
73 95
15 14
24 32
2 40
36 69
97 59
48 73
95 3
37 83
41 58
52 57
68 46
93 72
25 5
2 5
95 11
73 18
82 88
95 56
59 94
9 75
59 97
35 6
97 85
66 65
24 68
30 8
52 17
9 62
55 48
39 26
15 10
38 77
79 31
19 96
35 47
10 71
40 86
27 5
83 60
62 58
41 80
95 87
19 14
65 53
94 58
64 45
89 83
37 94
58 73
7 44
15 79
83 80
22 48
91 63
39 36
70 83
20 97
63 75
49 23
32 54
45 48
97 27
16 48
26 24
59 57
45 5
41 78
95 90
0 53
36 47
47 17
28 54
41 9
21 98
86 94
7 32
28 19
67 11
97 34
20 76
34 18
57 93
95 63
6 85
50 94
41 5
25 82
96 50
64 26
98 95
10 20
78 83
78 53
42 18
62 1
59 60
51 9
76 71
20 96
66 42
99 83
31 30
88 45
58 8
65 77
97 47
65 93
88 0
13 22
97 46
76 81
72 11
94 2
10 40
92 3
44 0
89 52
66 25
48 20
88 30
36 46
95 84
60 44
5 33
68 56
49 6
71 10
47 61
32 57
38 54
54 17
43 92
79 20
17 6
52 96
21 7
17 0
12 41
69 39
90 1
23 61
54 83
8 23
27 67
75 53
17 4
48 38
81 13
9 56
28 97
78 29
11 31
1 97
35 38
1 48
27 41
10 38
11 11
13 65
49 16
92 88
38 99
13 6
2 19
68 88
85 7
73 42
39 87
90 11
0 4
29 76
87 27
10 71
24 65
16 12
36 25
28 48
74 22
89 24
11 94
26 92
9 15
9 69
8 86
74 71
45 42
23 67
35 90
49 64
38 69
75 44
5 68
45 38
1 33
48 42
32 19
36 0
3 18
98 72
14 36
87 25
83 40
89 33
94 22
8 9
73 24
48 13
32 51
21 50
34 76
58 2
84 1
70 28
5 87
80 88
11 38
51 41
69 59
30 53
9 48
48 13
56 4
25 38
44 74
82 28
97 68
24 57
40 8
77 79
63 6
28 89
5 23
64 7
64 42
81 49
16 47
43 78
88 4
96 77
98 63
38 3
59 72
80 26
31 73
59 78
30 3
48 15
64 83
80 98
3 5
44 75
42 67
18 50
76 21
84 88
37 8
48 92
56 97
59 67
14 51
66 1
70 87
9 45
13 3
62 39
96 80
18 88
3 45
82 1
1 69
41 36
34 92
84 67
67 61
30 70
68 30
60 12
82 41
52 29
32 98
26 14
91 44
3 84
77 16
90 53
54 39
87 84
12 96
1 52
81 30
23 0
62 27
59 94
11 29
75 81
60 12
36 55
82 48
63 26
93 8
45 17
32 0
42 6
56 23
73 23
58 80
67 57
92 81
90 49
40 60
84 58
25 13
36 81
30 25
62 16
42 78
73 20
71 31
54 4
9 9
87 43
64 97
63 41
73 32
32 99
26 17
41 15
49 70
90 2
9 18
96 24
69 13
73 47
82 92
43 56
0 18
11 30
46 47
70 60
17 13
79 21
68 0
16 82
41 6
74 8
31 47
25 23
81 57
65 98
50 51
21 72
21 75
66 86
82 74
15 53
21 51
10 43
3 50
72 53
4 14
16 80
48 12
45 57
36 19
49 97
34 57
72 0
15 31
82 0
97 32
60 34
9 66
13 13
47 22
72 29
60 41
56 50
54 90
49 73
54 1
77 83
67 37
9 94
23 67
12 16
22 55
96 17
29 42
0 34
83 12
82 14
25 99
18 70
84 4
27 21
45 70
13 54
24 27
42 8
68 57
52 61
94 54
15 86
15 60
91 59
39 33
61 48
8 60
11 47
12 54
36 19
6 83
5 56
50 76
84 32
39 75
87 53
92 18
41 63
2 91
26 64
53 3
5 71
5 93
53 38
55 85
69 92
63 26
17 90
68 79
12 60
43 17
43 26
69 82
62 39
36 4
61 45
94 25
38 98
35 93
54 92
0 20
44 64
96 50
93 80
8 8
68 24
13 41
34 1
84 58
66 41
98 93
33 46
17 8
88 43
11 84
28 3
80 27
51 63
45 63
65 29
71 12
94 90
73 5
54 54
6 2
41 66
51 85
92 3
8 42
11 60
68 19
81 55
30 87
9 24
5 6
74 67
67 86
97 97
2 25
13 12
7 51
39 14
55 29
7 3
99 94
63 2
99 77
63 58
63 55
37 13
92 42
78 40
48 70
16 16
40 75
37 57
2 84
12 89
92 75
31 19
27 8
69 60
19 66
76 98
62 35
53 36
55 67
55 49
69 49
57 92
48 97
68 23
16 25
77 30
32 30
94 11
4 77
15 0
5 90
67 88
56 8
40 34
58 38
27 14
67 18
23 37
46 58
29 63
8 79
84 15
39 30
46 27
49 0
86 48
21 46
68 92
9 65
82 50
60 70
36 7
10 17
50 67
77 19
92 53
51 25
14 22
66 76
18 30
55 57
39 9
86 94
59 26
64 10
91 2
10 11
32 55
13 66
74 69
74 3
13 85
56 24
16 0
92 90
53 10
21 41
20 51
48 88
4 62
65 23
15 72
47 34
25 3
96 62
63 64
97 62
96 6
72 78
37 1
82 31
17 37
88 87
51 50
45 10
15 87
6 33
34 14
0 6
98 84
20 80
49 13
93 77
25 50
27 37
52 16
32 44
85 4
39 75
79 50
34 3
84 46
44 75
60 18
92 23
87 84
89 73
64 10
66 86
72 35
20 28
75 35
21 75
85 23
95 66
51 94
70 7
87 3
86 34
1 44
32 46
44 7
74 72
9 51
50 27
17 2
55 56
49 20
90 63
25 94
52 95
49 3
91 87
52 6
6 36
70 90
24 93
1 79
96 53
42 42
94 32
96 42
50 36
81 36
70 41
97 32
13 10
20 61
97 6
51 23
56 87
5 55
91 11
74 46
43 4
96 85
12 24
58 37
22 64
81 19
14 4
73 10
54 40
8 60
45 53
9 45
61 39
83 74
18 9
27 37
45 90
64 22
72 23
65 81
38 13
24 5
70 8
9 88
97 87
57 24
83 10
96 46
21 50
9 88
12 25
8 72
77 90
40 63
66 45
98 32
96 33
78 1
37 37
77 74
95 38
43 48
46 27
1 56
7 62
21 5
70 58
45 87
81 24
50 57
9 67
86 56
40 87
19 52
43 72
97 68
19 50
10 33
31 8
93 88
0 95
25 5
47 0
18 74
78 25
52 19
41 60
40 81
55 48
47 38
6 20
6 54
39 97
30 47
89 55
27 78
87 7
24 35
56 40
52 76
59 40
36 71
27 56
87 85
33 34
35 11
31 17
54 99
3 62
11 62
29 34
66 13
97 44
85 48
0 61
57 91
29 57
93 3
23 16
69 31
69 44
81 23
85 92
75 64
64 41
25 86
18 69
32 34
97 90
10 1
4 7
59 69
59 44
43 8
40 30
77 38
3 50
54 98
89 4
51 89
86 75
77 30
81 10
88 38
64 39
34 48
88 51
96 10
66 14
73 82
47 81
18 43
85 41
55 27
90 41
16 74
36 15
69 44
98 75
82 35
82 37
21 85
59 60
26 8
5 59
5 25
3 14
50 2
97 12
46 7
90 16
48 98
91 57
71 10
8 39
45 61
6 3
3 10
82 98
88 38
73 45
22 4
93 71
76 26
35 7
61 38
85 40
13 67
34 42
85 17
7 7
23 2
69 2
76 25
80 86
1 95
74 54
8 29
24 83
84 13
0 47
94 56
24 49
54 35
90 57
77 21
49 42
79 64
42 76
36 31
66 43
71 96
19 77
15 38
29 51
42 77
35 63
75 65
19 44
67 79
22 66
13 17
75 40
90 9
38 48
47 73
44 17
81 9
93 50
92 80
64 62
70 23
58 99
98 40
65 84
59 27
3 78
91 67
56 21
14 15
8 15
33 88
9 48
31 22
87 22
17 67
8 4
69 7
54 44
57 94
55 25
24 27
81 12
10 73
82 70
92 15
49 23
23 95
13 5
41 78
70 20
71 18
30 89
21 37
57 97
43 43
68 51
37 14
39 0
98 36
69 98
52 60
92 59
39 40
97 55
7 71
13 81
35 23
93 62
91 77
71 70
48 35
9 7
54 77
73 55
51 64
22 9
31 92
14 91
74 13
29 87
45 51
65 51
19 4
14 58
27 74
7 83
96 94
74 32
16 24
17 28
29 32
41 8
51 33
31 32
17 32
0 24
51 83
81 28
32 22
36 9
94 65
86 41
75 75
14 95
73 83
80 19
92 54
77 54
17 64
30 37
22 94
55 46
5 23
23 16
19 77
92 76
34 38
0 87
41 8
5 22
66 34
77 8
64 76
43 39
18 81
44 74
47 90
1 65
36 78
92 29
87 0
38 78
13 33
48 46
46 55
48 75
79 77
66 48
5 19
74 16
52 72
8 56
75 90
67 18
18 42
66 65
75 29
21 67
70 14
6 53
78 17
35 6
81 67
75 42
71 39
31 96
73 72
67 42
25 92
5 4
12 29
97 63
25 38
81 52
32 92
24 20
21 30
45 57
22 77
77 34
82 92
61 55
48 7
41 32
83 69
26 19
27 72
8 8
8 36
12 72
41 5
55 39
92 1
87 42
36 35
16 49
63 73
73 98
25 87
89 74
32 97
62 52
53 23
64 95
60 3
99 95
20 71
61 47
41 39
21 29
69 53
43 86
32 15
99 20
35 77
75 29
88 52
75 86
96 58
73 64
85 23
21 49
77 31
82 91
18 93
34 16
87 62
87 94
74 19
26 81
60 25
76 64
31 50
10 33
11 68
46 68
51 79
76 91
64 12
62 31
1 41
70 29
69 52
47 63
42 86
35 1
95 70
72 96
9 6
42 2
69 98
71 37
26 97
56 72
53 28
16 4
4 71
98 56
10 93
96 95
19 27
61 65
20 34
18 16
2 77
33 60
24 17
41 14
10 99
78 73
96 45
4 25
73 73
10 79
56 10
49 5
52 85
65 48
27 95
11 96
86 51
71 71
43 7
28 16
35 50
46 1
29 84
27 22
86 37
21 76
98 51
63 86
27 39
30 23
93 14
18 20
73 88
33 91
46 40
3 77
65 46
23 24
36 49
25 32
86 25
4 86
12 80
34 73
23 38
1 21
76 43
52 81
40 20
23 41
97 78
87 72
96 90
29 6
49 68
9 37
49 3
90 42
90 48
29 50
84 38
73 6
85 81
29 50
61 46
64 36
80 63
99 89
93 20
10 8
52 84
4 36
14 4
68 38
4 60
60 42
57 27
39 98
8 86
8 79
9 68
40 17
91 60
40 93
82 10
99 49
42 31
69 30
23 99
81 65
10 8
81 88
20 65
11 18
18 32
53 29
25 92
93 23
46 89
14 95
57 37
23 77
97 95
41 73
83 98
99 8
48 36
13 36
48 47
60 77
37 16
5 7
47 95
52 82
74 18
32 83
76 17
64 69
15 13
96 60
30 43
15 45
3 8
91 82
17 39
47 47
67 18
44 65
81 20
40 58
17 7
15 58
65 65
62 96
38 77
85 64
69 47
79 51
77 76
21 99
36 43
91 33
26 74
26 64
62 85
35 72
4 63
22 31
15 3
82 58
28 31
32 3
2 30
67 94
23 7
15 70
75 64
69 62
84 4
73 47
57 8
41 39
44 88
54 58
81 53
12 48
28 74
2 44
98 76
74 39
74 62
62 56
75 77
80 62
24 15
28 30
4 10
83 3
95 28
18 40
85 76
63 89
93 55
67 24
89 8
25 77
80 81
58 31
40 28
49 18
46 4
61 14
2 15
13 5
99 19
31 23
82 68
72 65
33 14
74 65
12 88
63 28
39 64
38 81
75 63
56 44
61 83
24 6
83 87
6 12
78 55
48 34
56 29
30 89
3 7
44 30
61 10
29 41
66 90
43 70
46 67
40 51
71 52
74 58
11 54
27 52
70 43
98 70
95 27
58 31
7 10
68 63
2 7
47 59
88 65
92 68
91 28
98 8
19 99
43 70
50 51
99 50
62 78
53 81
47 1
28 30
1 54
51 17
65 83
36 18
19 43
42 33
8 38
81 81
69 63
2 51
64 15
35 89
25 45
24 58
64 28
71 11
85 89
1 91
80 41
73 51
54 33
56 93
31 20
2 97
29 37
64 56
45 22
38 17
77 44
28 38
94 52
11 36
79 17
65 29
5 91
53 52
69 31
75 90
91 76
92 45
60 1
80 50
89 12
5 42
53 31
92 35
85 89
61 88
51 95
68 51
2 11
37 12
88 53
11 78
19 68
80 7
4 23
79 11
57 1
20 33
69 13
81 75
18 90
25 83
50 99
41 58
30 82
36 12
19 66
83 24
77 69
45 97
18 19
29 29
3 36
90 21
57 56
70 30
3 77
30 62
42 24
89 30
13 56
55 30
54 91
19 69
28 83
28 19
42 28
37 36
89 6
52 99
33 70
40 14
54 8
93 28
72 52
55 53
7 21
57 41
97 4
21 36
32 21
93 7
65 12
20 10
1 32
25 54
25 92
10 89
45 8
25 82
41 53
60 29
4 0
27 77
36 33
62 89
81 29
27 91
57 13
65 9
97 7
62 66
82 42
45 27
54 45
91 14
23 48
63 37
88 54
41 71
75 58
93 8
3 53
43 63
40 64
36 69
95 26
30 47
62 59
13 10
87 83
83 46
16 45
97 1
83 16
66 78
67 47
4 14
54 82
40 5
48 48
39 32
85 56
94 70
10 9
25 0
54 93
12 30
62 71
6 90
73 84
59 83
46 19
23 42
91 4
79 99
99 39
84 60
49 64
73 98
19 66
98 5
26 16
51 40
55 76
69 83
79 26
3 68
97 15
23 5
68 75
44 21
28 59
23 52
41 87
45 27
63 35
55 7
42 28
95 50
34 58
43 73
47 52
3 7
85 95
16 89
74 58
41 5
82 21
81 57
44 37
7 46
68 32
97 36
72 9
65 27
91 74
23 26
30 4
54 72
93 7
85 0
98 19
69 17
27 53
94 34
6 54
53 74
4 1
96 99
19 43
68 0
97 64
46 60
77 27
77 25
16 14
59 82
22 56
50 16
78 75
1 51
75 90
67 87
29 97
63 17
19 46
73 92
42 20
91 35
66 37
84 28
36 6
37 93
0 42
29 91
95 55
14 25
31 92
52 94
78 2
54 85
72 77
3 87
29 89
75 17
79 22
74 0
48 85
92 71
14 17
77 21
26 16
27 14
22 49
5 30
7 82
30 11
46 25
75 65
10 73
90 92
26 2
40 26
27 12
7 28
82 24
19 18
95 3
29 24
24 17
82 91
47 54
59 15
6 22
29 35
90 22
35 52
21 68
97 13
3 99
71 90
50 44
42 54
14 44
63 39
82 92
58 1
20 57
84 30
14 64
92 32
83 45
18 35
39 17
53 37
83 46
12 95
0 94
19 30
76 55
35 82
38 2
69 13
57 85
86 63
35 87
85 53
22 97
85 59
88 82
38 95
59 68
1 90
11 60
50 5
51 40
29 29
1 46
76 10
74 80
24 70
65 62
87 56
91 96
57 51
11 60
6 17
3 38
14 36
95 98
58 3
32 86
6 28
80 61
27 65
3 43
27 84
33 30
31 63
55 36
65 84
46 58
69 26
72 48
37 72
64 34
55 9
24 71
30 8
77 87
97 17
57 22
3 80
97 35
44 90
24 7
43 9
68 83
96 39
36 42
27 78
58 99
14 34
13 53
40 44
2 0
83 30
98 57
27 14
19 93
75 43
96 43
67 86
81 46
47 2
84 84
51 50
21 88
63 87
5 17
85 52
89 44
72 32
71 72
88 87
53 52
64 96
81 36
54 91
22 28
73 58
16 26
15 61
61 74
85 34
50 63
16 29
44 3
45 44
37 42
77 10
93 67
42 49
73 0
64 77
93 77
79 7
85 35
99 62
50 93
93 41
18 46
30 82
34 92
70 81
70 33
62 39
94 28
97 60
14 98
60 71
63 49
32 46
25 72
24 14
29 20
51 31
92 39
94 63
26 4
42 23
63 95
53 75
12 61
74 87
62 13
46 18
64 99
21 2
86 77
86 55
0 1
18 93
35 39
85 4
90 27
78 75
25 29
64 97
99 95
9 45
92 18
40 0
33 21
57 27
30 82
52 7
0 50
6 38
33 24
19 14
89 89
85 4
43 26
83 97
74 65
29 83
92 1
23 51
32 77
45 2
75 2
67 66
34 52
56 46
13 94
87 44
55 89
95 38
56 64
7 75
59 5
19 72
34 41
94 47
59 32
45 38
48 7
14 70
68 59
96 18
23 39
54 95
52 29
66 70
86 69
76 80
70 89
51 12
38 68
19 6
76 90
76 39
28 87
82 9
36 99
13 20
91 61
91 42
76 75
44 83
68 26
97 3
89 58
92 36
40 64
38 30
49 22
78 69
77 15
70 79
5 28
52 46
93 26
43 5
55 72
65 57
22 3
22 81
65 24
30 98
92 66
4 26
69 38
85 57
38 23
51 86
70 45
12 52
89 8
97 84
50 28
58 0
48 56
81 60
14 3
79 52
62 30
73 19
95 48
86 27
35 91
5 88
33 83
18 21
24 8
14 92
19 91
7 17
61 24
36 3
48 79
8 82
66 32
8 8
57 1
64 25
76 54
83 48
53 46
22 97
84 45
61 48
87 8
23 35
64 73
95 11
48 39
79 59
37 68
46 1
42 49
53 65
53 33
45 43
94 38
27 52
78 93
79 88
15 0
70 83
2 81
7 34
88 76
44 87
21 85
34 59
42 11
17 86
70 72
29 28
48 71
29 23
95 42
52 89
21 91
42 48
40 49
91 99
50 18
11 34
16 88
57 45
13 13
41 56
83 63
40 35
11 56
53 37
5 5
67 74
31 5
48 42
22 1
44 78
4 61
79 57
32 29
75 7
43 49
37 72
61 54
97 76
39 42
75 18
62 46
57 79
63 6
99 45
76 8
70 56
64 73
40 11
99 52
55 69
52 48
68 57
90 45
22 40
24 82
30 19
68 85
89 17
39 89
53 94
83 32
76 91
32 89
39 80
59 17
37 32
60 78
27 64
39 91
43 94
22 97
11 19
41 57
12 11
10 28
98 56
97 87
83 26
86 19
84 41
6 39
38 75
84 11
29 39
25 65
33 83
57 78
2 94
16 56
73 97
27 57
43 91
64 6
78 10
93 37
66 32
47 52
46 58
42 83
79 92
46 27
4 97
50 56
10 13
72 24
37 56
8 85
24 56
38 41
30 41
93 24
42 56
5 10
24 18
51 5
40 59
52 57
7 38
51 58
31 75
11 58
0 79
0 24
64 2
93 68
11 90
22 95
19 38
54 86
9 34
60 58
65 38
6 86
35 54
50 21
90 4
12 10
69 38
87 21
80 5
51 42
32 46
80 4
98 4
49 75
45 98
79 22
65 55
55 4
23 67
29 49
99 88
3 83
61 45
81 94
43 10
18 81
81 4
71 5
70 5
26 23
83 51
94 53
10 97
61 81
44 47
74 50
25 44
64 67
95 29
94 97
50 47
77 47
87 4
91 91
52 54
5 64
15 4
11 3
21 49
35 42
45 10
99 99
33 47
55 4
36 61
6 19
56 51
32 93
18 2
76 26
16 58
54 83
74 53
80 31
84 86
37 35
83 46
86 78
2 38
52 59
51 90
26 88
38 75
67 90
81 63
54 38
89 53
58 20
68 35
40 66
71 48
7 56
22 93
50 69
45 47
47 12
53 74
64 99
32 9
82 0
29 26
58 99
28 3
83 35
76 69
35 40
46 67
5 24
61 98
35 93
26 4
17 35
58 55
29 22
29 32
25 97
49 83
14 44
8 1
10 72
87 79
73 21
63 72
71 12
80 90
89 38
68 33
80 15
25 17
94 23
46 53
96 82
74 63
19 82
66 66
72 98
28 42
93 13
1 54
93 76
65 40
20 31
83 17
77 93
18 86
65 43
58 10
7 39
76 45
98 58
93 14
47 98
36 4
69 23
62 30
43 28
37 96
72 70
45 0
65 1
78 36
16 90
94 2
86 4
98 17
45 17
6 54
64 44
86 99
73 97
6 79
41 32
99 87
89 49
79 58
10 51
85 87
49 44
77 54
13 37
61 80
18 78
77 25
36 60
31 31
7 13
51 9
24 72
89 83
75 41
72 28
66 79
26 33
70 20
52 88
49 45
92 45
40 95
5 59
22 58
95 87
8 88
2 88
74 51
87 38
6 50
33 68
36 41
30 48
78 36
23 55
68 62
23 0
66 58
10 17
97 1
41 95
76 77
26 81
28 94
82 80
54 84
97 9
99 40
97 19
76 14
49 99
96 70
32 14
54 93
6 22
19 42
42 31
47 70
76 79
67 77
2 48
56 86
18 0
93 9
38 11
30 47
14 25
39 38
65 34
23 29
26 90
31 17
45 48
86 25
35 2
90 96
14 94
82 42
80 91
29 24
1 63
39 59
27 68
55 89
78 48
93 34
33 65
85 18
3 9
59 72
5 99
44 34
62 14
69 98
20 57
39 89
79 63
3 17
20 56
83 1
68 28
16 75
9 24
89 21
43 58
64 45
78 45
59 29
32 17
50 11
70 3
35 56
68 44
82 23
48 14
74 68
7 19
8 25
62 66
95 22
34 16
95 76
7 12
14 35
78 54
28 4
13 92
45 64
7 80
8 11
92 24
66 7
70 12
21 29
25 88
7 4
84 14
50 75
36 64
68 61
32 57
98 71
94 88
81 6
41 61
9 90
56 37
46 54
77 80
3 61
86 81
9 72
44 96
56 80
60 98
99 35
67 34
30 42
48 43
35 98
25 19
78 4
99 58
46 97
54 34
35 5
92 97
69 46
3 83
4 73
72 1
66 41
95 74
51 51
32 42
83 36
84 97
41 64
9 57
18 43
66 2
63 15
11 84
3 38
24 10
56 0
51 90
77 46
71 41
24 68
98 96
82 8
54 51
91 88
27 65
26 90
88 88
0 41
41 51
12 43
11 85
3 46
2 76
88 71
19 77
79 29
49 78
38 17
42 81
85 62
21 75
18 16
66 41
91 45
31 33
6 75
46 0
1 98
21 99
72 60
76 72
11 16
49 22
40 25
96 0
77 75
46 5
58 58
56 88
46 85
92 98
18 4
79 56
38 14
59 27
83 37
50 25
76 3
88 90
93 42
74 63
93 87
51 41
58 68
19 1
7 93
54 3
61 51
2 96
38 56
92 25
90 86
57 13
70 76
7 74
83 65
5 6
83 94
7 91
15 89
27 97
48 3
9 71
93 92
52 81
53 85
21 80
81 39
52 58
82 85
45 24
12 81
60 42
37 91
43 26
35 15
87 71
79 18
38 18
60 86
1 10
35 5
38 12
25 83
67 30
2 51
60 22
67 28
84 62
6 52
79 46
15 24
52 27
71 45
45 21
53 51
32 63
5 16
22 70
36 59
39 5
51 1
68 75
11 28
96 66
73 43
58 79
28 85
45 85
96 61
25 87
47 85
66 32
45 93
82 29
16 95
80 74
53 29
10 88
62 94
54 70
24 77
81 14
96 50
31 42
89 78
31 80
32 9
66 22
4 46
78 89
79 35
41 5
93 33
85 56
19 22
58 99
6 61
7 2
29 59
18 38
24 80
74 65
83 31
37 44
99 85
97 19
55 46
50 78
57 14
15 7
62 64
50 56
35 45
48 55
14 71
85 55
0 18
19 96
52 11
22 58
8 63
83 42
59 82
73 18
31 76
9 94
19 88
75 90
91 47
82 81
54 0
84 27
17 50
26 28
43 96
6 37
49 96
5 46
18 81
84 60
29 27
41 99
2 85
59 28
86 53
35 13
3 44
44 29
11 66
42 38
44 52
81 28
28 7
55 16
10 68
63 52
37 11
3 1
39 32
94 38
32 21
95 83
64 56
1 45
47 63
7 68
55 33
46 23
95 22
48 95
62 91
35 86
2 39
15 37
6 25
52 72
6 76
75 81
53 7
30 76
55 4
50 53
28 44
9 63
89 3
57 19
82 46
59 67
3 96
47 73
95 12
76 91
18 49
75 93
70 23
80 29
64 59
59 57
96 76
15 30
22 79
13 24
94 52
77 75
54 2
2 4
15 97
82 98
41 74
54 34
99 14
42 93
39 67
9 41
41 79
88 19
34 54
5 39
6 14
94 4
2 81
2 54
52 36
63 13
52 85
28 81
36 13
13 98
38 99
73 56
92 15
56 35
65 32
77 19
74 25
64 92
55 57
28 40
15 36
19 29
89 23
7 0
61 4
33 58
90 36
38 19
98 38
85 64
87 52
64 49
34 58
11 90
57 93
83 41
57 26
53 21
58 64
20 61
39 59
45 61
56 90
57 36
53 86
22 65
72 59
26 7
43 16
3 23
84 54
27 65
80 54
82 5
29 20
22 56
12 34
1 37
91 12
70 17
3 47
49 83
24 2
80 4
99 14
10 65
44 44
50 45
6 56
57 78
40 38
91 40
9 40
99 68
86 56
72 57
74 71
90 32
11 62
2 5
23 87
15 67
42 67
58 48
2 19
75 15
26 39
99 61
39 7
68 41
31 12
20 21
8 21
79 46
37 94
87 76
16 28
4 90
84 99
83 62
15 84
3 0
86 76
3 31
92 53
19 93
49 73
25 60
96 12
85 65
3 21
60 8
92 13
6 8
75 84
86 76
83 80
18 66
22 75
91 91
10 79
66 67
92 3
56 62
14 49
91 40
71 34
33 21
85 6
56 72
52 1
47 69
49 53
36 20
1 96
34 72
15 76
65 23
80 34
40 36
82 92
46 71
10 98
41 64
74 55
30 46
49 71
37 53
13 35
48 82
19 5
1 38
81 54
13 62
65 1
62 57
71 81
49 66
17 45
80 79
22 63
46 71
4 14
84 96
87 16
18 84
40 68
11 13
59 75
14 62
99 78
61 25
71 47
98 46
86 43
67 37
75 87
62 66
47 54
46 99
67 66
52 3
60 23
13 14
20 56
11 86
30 39
70 4
18 75
37 9
83 0
46 71
28 67
6 95
48 50
28 21
61 15
27 58
7 76
10 57
18 97
24 67
74 97
13 51
62 66
15 2
99 87
80 7
89 35
87 35
1 68
1 51
97 73
98 18
10 3
63 12
52 54
11 55
47 0
33 53
4 77
88 42
61 53
26 36
18 71
16 36
40 38
23 39
51 9
91 25
59 22
60 53
38 70
5 41
61 99
3 91
60 83
87 31
63 78
99 7
55 42
47 1
92 33
74 96
79 38
74 1
47 44
72 75
76 39
81 29
29 84
82 71
30 15
17 80
96 14
4 31
92 5
5 71
21 25
63 63
90 2
56 14
99 92
36 39
14 43
85 4
93 45
23 67
63 20
89 46
16 81
68 48
33 69
28 68
87 21
86 38
2 59
85 42
69 19
7 95
16 15
5 25
35 75
1 75
17 67
24 28
79 70
44 94
66 91
56 23
82 71
30 20
89 54
16 75
15 21
34 29
27 11
70 96
25 74
49 21
10 12
46 6
73 43
8 30
63 22
5 17
98 53
40 97
37 19
82 49
55 89
88 17
41 70
52 2
9 73
59 27
0 95
90 4
18 94
27 47
41 29
97 37
27 56
19 90
48 38
50 74
79 93
98 29
3 22
90 38
26 78
74 45
97 12
64 91
34 28
26 97
70 63
31 51
93 0
92 10
40 82
1 44
38 99
16 0
38 77
5 76
15 27
2 81
96 10
49 78
74 77
52 29
99 33
9 3
17 77
42 33
47 45
86 58
48 80
21 23
88 72
20 1
14 65
4 77
0 23
1 26
20 84
78 50
29 67
12 18
21 14
78 63
52 33
98 33
92 76
77 20
79 91
0 7
62 72
0 0
39 73
15 69
21 90
67 64
7 9
23 63
90 44
64 97
19 47
69 60
56 99
45 9
13 42
84 73
27 96
33 79
48 33
64 89
94 76
4 68
64 27
70 86
45 36
55 27
28 3
74 7
19 29
41 37
48 16
21 12
45 56
36 69
83 62
24 14
53 24
69 89
14 72
19 44
36 24
95 75
75 36
94 58
29 17
68 9
55 95
95 90
16 42
69 22
48 42
77 10
76 18
61 15
52 85
12 40
49 16
58 23
72 40
84 6
30 52
59 27
86 9
69 50
8 80
11 18
95 39
54 95
78 84
41 95
53 90
61 86
31 58
33 14
47 21
73 22
3 22
66 22
76 11
44 77
85 31
2 66
60 38
17 97
66 77
56 72
47 67
91 11
29 28
75 52
76 76
64 55
22 55
68 19
43 72
63 69
79 27
40 65
27 47
7 86
54 60
79 18
41 48
29 18
61 43
58 74
51 89
34 32
32 15
65 69
22 86
75 36
87 35
10 84
97 26
71 12
49 98
9 1
59 84
81 19
38 91
78 71
44 96
66 25
73 33
18 20
93 63
3 66
71 29
90 78
16 51
98 70
59 59
67 50
77 12
20 10
4 60
96 68
16 84
22 50
22 15
43 80
56 36
12 89
25 15
16 67
49 89
15 33
24 46
96 20
48 93
68 64
71 10
56 15
1 62
63 72
49 63
79 90
56 53
74 51
75 38
80 35
45 25
27 84
84 69
33 96
78 68
49 60
15 36
29 58
57 26
63 62
28 90
27 45
23 22
0 8
83 78
97 91
30 99
73 19
43 70
6 56
20 4
95 95
44 72
44 5
18 92
38 72
29 71
39 74
34 99
10 58
39 87
7 38
50 67
74 46
5 30
30 42
42 84
44 40
34 52
52 22
38 60
7 31
22 24
61 63
49 59
98 47
33 16
43 44
63 9
86 82
6 33
46 58
65 11
47 47
57 81
98 43
83 18
31 13
42 67
64 30
81 36
97 31
88 90
25 37
47 20
8 26
14 99
85 98
55 42
22 76
85 34
45 24
39 73
46 73
57 21
6 87
84 44
82 76
59 37
64 70
61 53
45 50
98 84
4 56
94 21
98 36
23 57
54 51
5 86
27 4
34 46
40 36
36 20
35 64
68 17
65 31
9 12
76 43
88 15
14 52
80 12
78 10
9 64
5 6
61 73
90 84
39 34
73 15
56 55
12 18
66 66
19 94
14 53
90 68
17 53
88 64
63 63
2 30
77 40
69 64
71 66
28 32
71 85
38 52
51 91
42 75
73 84
43 1
50 88
78 2
18 34
18 6
70 9
92 69
61 37
74 98
15 53
5 49
58 30
22 69
75 90
97 46
5 78
80 87
36 13
45 95
17 90
87 82
80 75
34 46
31 15
78 39
53 5
24 74
64 42
74 52
31 69
20 23
46 89
95 49
8 43
31 17
80 28
7 54
55 37
28 93
17 66
87 79
65 83
66 63
50 61
29 48
71 64
63 10
81 97
76 9
18 83
19 43
66 58
76 52
70 55
79 51
53 21
37 42
75 67
82 16
10 31
84 66
62 95
20 88
52 50
70 90
67 89
65 62
67 22
15 99
53 45
66 75
34 45
53 77
27 57
1 78
37 64
91 73
22 5
20 84
76 99
14 69
5 69
67 73
10 37
75 44
76 42
11 29
24 10
50 63
77 37
91 68
55 75
57 1
83 56
42 34
65 34
35 56
29 18
30 20
21 87
58 29
63 35
39 57
51 88
1 72
98 46
91 22
57 22
82 42
59 94
96 55
64 77
86 22
88 22
33 28
55 28
60 33
86 97
52 80
74 55
38 5
80 78
85 85
97 55
92 17
47 56
38 74
15 89
74 31
12 79
94 95
0 47
98 53
1 57
58 65
23 90
80 57
93 11
63 80
65 71
65 41
59 62
65 63
28 70
32 44
47 46
5 36
48 42
52 87
45 62
41 89
90 42
72 20
23 74
86 7
47 29
9 59
23 51
77 71
45 84
20 48
51 63
35 40
15 75
53 58
36 47
55 75
29 63
17 79
8 54
61 15
33 63
17 73
84 53
53 61
40 70
81 91
38 93
92 9
58 47
26 18
75 63
99 55
65 9
40 13
30 57
29 59
38 75
76 85
0 14
10 5
84 1
55 54
98 50
23 22
59 25
18 16
15 19
43 77
54 72
92 98
59 37
81 75
82 34
63 23
81 67
71 88
17 54
72 40
41 68
84 39
35 87
2 91
18 43
32 30
17 11
46 71
74 7
71 12
48 52
46 73
49 32
37 5
43 6
81 17
90 0
73 29
71 7
9 83
70 79
85 81
8 60
34 63
75 31
67 60
50 37
16 89
78 49
11 96
97 44
97 13
49 22
24 39
81 30
24 21
34 95
62 78
44 85
11 98
10 93
10 58
39 5
22 83
54 77
42 49
81 51
50 53
42 26
49 29
78 40
91 64
21 74
97 46
46 23
90 64
38 29
16 19
27 39
3 93
19 30
50 25
99 50
32 20
5 59
33 36
11 89
45 36
61 93
27 20
96 50
6 46
41 62
4 69
26 60
56 89
24 6
62 35
13 34
92 95
58 23
67 75
91 33
78 50
65 40
39 80
44 41
88 51
47 69
71 47
17 92
0 34
69 90
47 64
24 63
2 85
69 0
53 74
61 95
40 84
93 31
19 55
5 78
19 52
62 47
21 69
74 95
16 21
74 21
80 10
64 5
25 58
22 67
28 70
67 73
36 45
53 62
95 44
91 43
76 84
47 9
28 96
6 33
4 33
39 25
78 16
61 60
81 14
17 79
42 14
16 97
65 98
69 52
72 31
49 57
54 39
42 62
79 99
25 37
55 86
12 80
64 3
12 99
84 10
3 86
15 66
16 67
13 5
49 6
94 44
93 76
14 73
4 25
32 63
36 44
22 88
57 84
3 69
11 63
63 65
78 18
74 66
75 57
92 89
49 49
12 52
98 23
0 7
71 41
52 14
45 63
76 44
22 87
67 93
20 64
17 31
19 61
24 31
97 74
39 3
5 90
83 6
76 32
83 84
64 71
78 94
26 31
82 85
3 93
99 95
61 82
24 81
59 85
41 92
54 93
46 89
73 96
42 67
99 33
60 44
88 31
90 55
13 31
95 40
76 96
19 76
96 1
92 22
40 51
40 54
18 63
64 25
54 50
26 74
11 27
46 92
94 57
10 91
80 78
96 27
38 70
57 14
79 40
18 18
56 34
13 36
57 0
65 47
34 87
51 11
85 54
54 55
49 0
32 12
94 55
85 32
63 13
10 0
36 93
26 66
82 0
62 34
39 92
51 81
78 0
4 38
91 90
15 93
71 38
24 1
23 51
57 99
9 43
21 99
54 82
91 85
78 67
20 24
33 94
8 89
71 65
45 32
34 10
54 59
27 29
63 91
98 26
96 98
50 61
71 93
53 40
86 95
15 72
69 59
69 0
16 59
12 46
80 8
87 63
87 67
97 22
65 89
89 40
76 99
44 58
51 37
53 30
34 73
51 39
65 70
48 72
12 1
44 23
14 98
16 69
17 60
76 16
21 83
59 56
30 30
94 44
55 68
6 58
88 25
57 44
0 65
35 11
23 29
69 67
34 43
91 80
73 75
82 33
27 69
4 44
81 81
55 13
55 33
96 26
88 22
21 50
41 65
57 17
35 78
62 35
61 94
78 20
10 78
6 12
25 60
20 38
6 38
97 50
97 56
39 47
33 57
43 42
64 37
9 29
21 81
50 35
30 83
43 17
37 96
92 12
56 75
36 15
80 48
71 55
62 41
19 97
11 56
11 57
54 89
89 57
15 33
79 95
43 87
85 34
89 18
37 14
11 15
46 83
29 84
13 52
13 69
48 24
3 38
25 80
99 78
88 79
41 22
72 99
48 57
99 4
59 58
11 82
48 55
75 90
69 49
71 80
79 99
75 16
13 51
2 26
62 35
97 76
10 65
73 46
30 25
51 31
26 30
7 3
67 51
15 83
14 7
45 5
71 3
78 24
68 36
72 54
84 72
10 0
63 40
2 25
53 4
0 87
99 6
65 51
45 71
59 51
93 18
83 37
67 62
34 73
85 64
84 79
8 13
50 71
28 54
68 13
48 12
10 16
74 20
74 16
30 60
93 50
32 3
49 13
23 39
88 27
75 0
35 70
19 91
37 80
88 40
89 35
24 84
37 29
38 70
4 43
45 41
43 4
11 77
87 53
68 2
14 14
3 70
35 51
13 85
63 88
55 64
70 6
32 29
9 76
4 44
77 64
19 82
60 77
2 49
62 64
38 4
90 2
93 96
82 62
21 20
44 27
63 13
31 93
93 5
50 75
7 60
59 31
23 96
63 1
0 57
80 76
8 40
87 94
24 93
83 63
19 30
37 61
1 75
41 51
39 11
48 14
72 0
4 15
70 73
42 75
25 3
2 67
99 14
12 32
37 6
65 37
88 62
24 30
52 63
14 85
73 27
96 19
83 40
11 74
11 84
12 40
54 47
37 70
98 79
3 90
59 74
2 18
84 73
90 38
53 52
52 23
7 42
76 53
15 46
96 50
71 74
89 36
55 75
75 73
74 30
99 49
43 29
53 60
2 1
52 28
3 78
69 77
27 59
13 43
96 20
22 76
18 69
56 43
19 77
22 48
30 75
0 24
64 4
22 36
15 93
56 81
20 42
63 15
26 22
24 94
51 85
7 36
59 40
95 72
27 61
1 22
47 66
78 69
91 18
97 5
30 41
20 77
80 67
13 56
3 92
27 42
92 30
10 97
7 36
53 77
86 1
47 41
81 32
97 6
15 23
50 17
36 50
86 72
88 9
14 37
99 68
8 27
22 70
11 53
85 48
43 44
93 67
50 3
23 84
93 29
85 67
33 70
89 67
36 86
68 48
44 86
65 34
46 60
34 81
70 78
90 80
75 62
67 54
9 61
42 7
30 95
5 91
14 17
88 88
80 10
35 33
30 15
19 15
92 23
47 35
32 1
21 84
94 27
21 87
44 86
49 32
73 75
6 30
45 66
42 49
28 73
62 32
48 88
25 14
92 62
2 1
51 74
59 85
76 66
23 21
19 72
25 35
52 0
41 49
58 73
62 35
23 75
80 79
54 24
20 11
25 34
31 38
72 97
87 90
62 49
32 0
18 29
93 36
28 9
89 70
69 86
5 74
5 48
78 36
56 28
48 3
71 27
57 70
15 93
62 47
94 42
65 68
5 55
54 4
66 76
83 51
75 36
66 36
82 32
32 94
42 25
60 92
74 32
60 14
89 3
52 89
9 86
61 30
28 68
76 14
88 47
82 40
90 76
46 75
58 66
13 69
84 24
81 97
42 47
13 17
80 59
28 51
84 57
85 49
48 72
6 86
56 34
71 43
76 10
56 18
73 96
13 42
71 92
10 75
19 38
8 51
90 5
71 53
18 67
92 54
43 93
64 25
28 55
22 2
43 98
45 74
63 68
49 52
1 44
88 68
77 6
32 85
73 13
0 60
50 31
95 31
74 5
76 38
94 65
66 81
85 16
41 25
64 31
97 4
95 19
95 59
92 55
94 18
63 35
44 43
82 35
29 98
18 74
7 49
45 51
55 74
13 95
71 37
12 72
52 92
54 38
50 76
1 97
94 38
11 78
6 54
49 33
55 67
97 50
4 26
33 42
6 71
82 20
44 18
8 17
39 42
92 81
49 28
10 39
23 2
81 39
27 94
83 82
57 40
21 2
76 50
13 34
19 55
34 63
71 86
50 24
2 10
43 8
62 66
20 99
61 21
56 30
59 1
83 46
10 55
12 53
50 45
7 27
53 39
92 12
73 7
4 55
80 74
54 71
30 50
36 59
81 39
66 51
57 66
83 20
79 39
76 13
20 9
98 88
61 62
60 79
77 57
32 76
97 44
52 5
72 93
24 76
47 60
58 90
54 82
10 74
87 17
32 44
90 60
70 90
15 60
26 28
52 54
68 23
42 27
19 99
77 10
54 37
42 85
92 86
53 63
29 10
79 40
51 63
74 53
8 78
82 93
58 6
6 0
70 2
87 20
14 29
44 33
88 72
79 37
12 0
35 28
34 69
63 20
51 38
53 60
26 62
50 90
76 18
22 71
36 19
99 50
81 23
79 39
28 75
25 9
46 44
51 77
18 95
62 66
35 25
89 30
37 22
33 66
80 88
56 21
57 24
67 73
12 65
26 47
69 84
5 80
35 18
30 55
41 99
64 81
83 31
46 54
25 80
0 38
87 56
74 16
25 95
74 5
47 54
6 89
75 65
3 98
69 6
40 49
96 67
10 29
63 54
0 69
99 86
45 13
27 85
45 35
31 17
21 27
10 79
47 10
6 90
22 99
89 15
20 60
73 49
68 2
55 4
98 25
5 70
56 95
17 25
48 35
1 77
40 42
41 17
48 61
58 5
26 88
84 39
86 34
93 38
61 21
91 86
92 16
52 22
73 16
86 10
37 83
90 1
14 55
60 25
54 78
23 21
72 24
24 20
63 25
81 90
38 69
48 20
47 14
85 75
95 1
12 97
36 23
50 15
19 93
39 54
12 37
93 53
4 67
95 23
79 5
24 1
34 86
88 45
99 1
11 60
78 41
57 58
14 79
6 84
24 12
63 3
11 95
60 54
21 34
35 35
73 84
5 38
14 81
88 91
23 7
1 51
39 16
31 56
79 88
40 40
53 0
98 91
51 19
80 80
20 72
26 26
22 20
14 35
98 85
9 36
72 3
33 18
82 70
92 73
10 29
5 55
53 70
65 95
67 53
41 86
49 89
71 86
78 48
34 62
93 27
57 81
1 10
74 74
34 44
51 7
31 27
85 0
97 97
61 39
71 90
0 38
15 90
49 28
0 85
49 64
3 93
90 46
79 87
64 63
16 6
28 15
40 84
65 21
49 85
69 71
17 29
7 30
82 69
62 80
88 86
39 17
18 37
14 39
41 10
39 37
35 14
30 37
38 82
23 28
91 99
84 91
94 51
84 31
75 89
21 62
51 23
87 0
87 2
19 83
4 64
99 11
96 94
47 65
4 81
9 70
6 30
56 82
41 46
81 13
70 3
90 10
1 76
8 67
17 65
8 60
20 79
48 79
86 97
14 14
88 15
1 35
60 34
44 53
27 52
16 16
38 93
13 79
61 74
79 4
1 25
33 0
84 30
82 63
90 36
19 50
50 70
13 10
10 59
91 28
3 48
3 84
72 2
18 47
60 20
45 0
98 46
97 56
97 38
37 60
80 85
63 59
55 6
55 21
7 50
95 87
23 27
92 28
91 3
49 8
1 31
18 51
50 53
18 35
34 33
41 2
83 15
64 46
11 57
5 30
24 78
95 94
51 92
98 1
36 94
63 14
93 97
6 52
57 65
63 27
80 58
27 88
88 87
19 7
97 77
70 34
24 12
83 0
56 59
97 55
7 5
34 67
56 97
86 37
49 62
80 10
90 1
21 60
6 95
80 17
70 93
26 1
28 79
31 46
82 89
36 14
59 60
19 54
81 8
96 40
39 88
1 18
97 27
20 88
6 26
44 77
89 10
45 71
15 35
96 89
80 17
61 2
4 74
91 86
64 96
77 70
1 80
39 33
37 15
49 53
11 28
89 40
91 47
67 15
22 64
16 70
43 95
79 82
84 59
36 24
15 32
2 35
35 69
56 59
57 17
2 35
6 10
13 76
20 32
64 78
41 47
44 24
34 83
67 87
24 91
92 16
11 68
42 79
29 15
97 22
41 70
69 17
31 11
58 10
59 37
40 77
55 23
16 2
30 54
31 53
43 38
77 30
43 68
64 53
26 75
90 32
86 49
77 53
49 63
86 53
32 51
95 58
5 96
17 3
75 59
12 84
50 29
61 21
69 5
6 7
30 96
44 19
56 46
77 33
48 95
71 71
4 69
2 9
22 63
81 88
92 59
82 56
48 92
91 31
25 99
3 31
2 58
49 65
95 94
95 18
42 62
7 46
83 31
23 88
63 15
90 33
73 60
13 81
91 77
34 18
88 12
19 14
26 98
47 75
81 39
50 36
64 12
65 51
12 26
95 85
7 4
10 34
24 16
74 70
27 66
40 31
73 22
22 19
9 19
29 72
41 40
62 55
77 93
69 42
12 49
15 33
23 15
55 7
18 55
35 44
97 2
72 37
6 80
76 44
52 81
30 98
69 30
15 74
63 78
91 63
79 44
13 96
7 55
88 87
74 19
30 23
61 22
74 90
16 19
45 55
74 77
40 83
69 91
29 71
30 2
51 77
12 64
87 42
42 28
20 99
81 94
93 31
74 25
10 97
9 82
57 58
92 22
62 76
19 14
84 16
11 94
17 33
87 76
63 79
5 35
45 51
6 44
90 95
13 39
56 49
65 89
76 91
41 32
80 13
4 4
32 58
94 45
77 4
89 56
39 46
59 35
42 71
19 43
52 13
77 84
72 27
4 40
26 30
18 80
29 82
50 71
85 45
58 7
95 76
38 93
74 56
97 84
67 43
0 81
11 15
27 77
35 63
17 80
35 93
39 36
59 90
57 13
92 92
7 96
91 25
33 18
92 25
30 98
96 98
2 21
94 74
11 65
99 44
72 64
96 59
47 99
69 35
65 66
95 25
3 85
62 81
47 11
84 37
31 58
53 61
21 8
99 30
68 85
5 8
46 24
63 15
75 58
76 63
53 76
76 98
63 13
54 94
87 61
76 80
95 35
74 41
88 61
85 22
62 71
10 13
87 73
62 18
14 71
38 75
45 41
77 40
66 76
33 97
78 34
23 10
7 30
83 27
80 48
12 32
15 21
84 72
18 2
47 92
13 17
72 27
2 97
40 83
6 3
9 14
75 13
45 22
11 73
85 38
80 13
72 42
36 91
81 17
68 11
40 1
7 40
70 58
28 62
39 58
43 81
12 85
47 83
99 45
6 55
94 41
77 45
57 37
96 99
35 32
76 13
91 76
61 45
45 30
30 30
84 39
58 58
16 6
70 50
99 83
17 61
83 87
35 11
24 73
53 59
32 20
51 99
90 86
26 99
55 21
29 41
78 96
55 15
83 88
23 25
34 36
91 5
1 17
57 24
59 74
23 46
38 43
80 5
52 36
47 62
74 0
48 13
28 74
29 87
52 37
63 0
88 11
69 62
46 27
23 6
51 67
83 65
3 7
24 12
61 0
24 91
60 87
52 8
4 85
1 10
14 3
85 12
42 86
46 36
36 61
19 59
89 86
28 11
58 13
79 42
33 90
16 69
87 54
12 33
9 81
78 13
43 95
94 8
78 71
75 24
66 19
2 31
23 97
48 44
51 9
88 38
16 20
4 76
9 60
45 9
79 78
29 50
26 72
1 48
46 51
68 52
83 88
75 44
39 5
88 85
10 98
31 9
22 40
27 85
64 19
3 31
14 99
46 76
99 84
55 69
56 78
24 11
49 5
75 36
19 49
86 16
15 6
66 85
67 71
50 31
71 29
13 7
46 5
76 68
18 93
52 86
22 39
3 46
75 98
89 55
81 75
2 16
58 75
51 1
59 6
61 78
66 43
44 57
44 56
91 68
15 88
55 59
55 96
23 3
21 11
67 23
40 61
52 86
83 66
58 9
10 34
67 83
33 32
71 82
2 52
88 79
11 41
5 93
62 7
53 53
95 44
41 14
7 93
46 96
82 31
64 2
96 54
40 64
72 90
11 21
85 92
23 97
68 12
49 39
57 5
60 65
21 80
80 75
32 89
83 73
96 38
20 51
94 0
37 40
99 59
55 62
89 50
3 15
3 13
7 57
11 58
98 66
75 92
96 67
90 37
85 73
47 42
83 9
42 6
78 48
78 73
32 6
75 32
65 88
48 75
45 87
32 37
43 44
9 73
72 93
29 99
33 49
8 20
21 34
14 46
66 62
89 14
50 96
69 83
68 29
16 51
61 46
92 84
0 19
31 96
1 37
21 37
30 76
0 32
5 36
16 29
34 45
28 54
84 20
65 51
61 48
69 13
67 97
63 41
29 4
93 28
14 59
78 49
72 98
93 94
48 99
18 66
37 25
7 19
54 79
54 52
52 83
17 85
80 81
81 57
45 38
32 20
52 0
72 5
45 16
73 74
5 17
22 75
20 59
87 83
89 16
91 73
36 1
23 47
24 81
50 48
57 25
98 75
95 43
79 42
91 93
7 60
37 0
66 38
87 26
42 12
89 23
2 39
70 95
58 94
30 29
39 34
28 94
92 50
98 17
36 3
42 21
78 91
79 67
17 12
29 6
98 88
61 33
74 42
65 56
52 11
71 65
46 71
15 72
31 89
53 60
13 66
91 53
88 64
8 47
75 21
66 4
29 16
54 25
95 78
90 64
8 70
94 10
72 86
97 43
46 88
33 26
83 77
18 4
16 59
40 83
72 93
72 55
25 15
92 91
17 47
72 36
