54 35
80 95
19 89
33 47
14 90
43 50
73 92
2 53
62 9
92 60
72 13
77 62
17 11
65 80
1 96
21 19
38 34
72 9
67 93
6 92
30 56
27 21
25 77
40 24
25 82
62 13
62 15
41 95
18 92
80 47
88 73
63 35
26 83
94 63
42 12
24 51
29 10
10 18
77 28
25 59
81 85
81 54
31 61
67 70
41 49
22 57
51 31
69 79
15 54
20 22
74 43
0 12
70 64
44 3
5 40
94 74
13 30
77 1
84 75
44 19
87 82
14 41
29 47
0 58
73 64
60 53
19 37
95 15
54 74
85 38
76 5
31 68
42 38
6 4
28 39
3 94
55 40
42 97
83 91
98 66
75 40
20 62
26 78
84 56
89 77
49 24
47 39
41 95
68 12
92 20
52 3
31 98
62 78
92 59
0 97
24 49
42 90
6 51
67 11
94 82
90 20
24 32
65 27
38 61
58 29
23 72
43 75
94 56
55 0
82 32
57 61
87 8
29 30
25 33
37 7
67 94
78 59
95 68
71 40
24 95
60 11
56 90
39 89
43 81
63 19
95 92
22 69
42 95
69 25
45 88
53 34
26 80
16 99
40 74
28 50
45 41
91 29
9 4
72 79
74 67
18 94
47 83
86 75
96 85
1 46
70 32
94 21
11 80
9 87
13 63
21 22
99 34
47 28
68 15
31 4
2 98
95 61
86 53
30 55
7 4
38 82
36 48
61 23
42 22
32 47
24 19
62 15
1 92
91 34
51 63
96 49
89 12
6 68
92 85
61 51
42 30
36 60
43 30
10 60
23 18
74 20
55 26
50 17
42 21
32 13
8 52
2 33
14 99
77 44
45 0
8 97
88 96
86 56
91 32
56 76
42 35
23 85
16 8
13 76
4 82
86 84
89 62
42 96
38 37
65 24
21 22
27 24
15 22
25 90
44 19
39 48
99 58
14 70
21 88
1 37
46 51
40 68
44 36
4 78
3 52
45 93
1 11
61 57
74 44
28 95
70 55
88 11
46 63
51 48
45 96
83 39
8 59
58 71
16 27
58 48
34 29
23 9
23 31
78 15
97 90
80 78
30 75
59 62
15 6
20 66
64 62
94 15
82 96
41 9
89 55
7 97
71 35
19 46
32 81
71 10
68 3
68 27
86 85
27 59
23 34
2 20
17 22
52 60
8 96
69 72
70 8
5 17
74 96
58 88
37 62
92 54
83 48
57 75
99 23
61 24
32 81
64 83
82 14
37 98
10 84
25 34
41 46
1 57
12 50
4 61
72 51
44 16
90 77
54 33
98 70
20 5
55 29
8 5
94 45
18 45
24 40
34 78
77 64
30 32
7 62
64 75
15 53
28 95
86 26
37 90
41 38
21 76
25 51
74 49
93 58
87 82
39 92
95 65
19 63
88 46
29 12
19 46
32 83
63 51
13 55
23 76
86 10
36 79
48 39
15 56
84 34
95 48
21 59
49 65
9 43
29 4
96 68
88 36
97 88
30 73
0 39
74 5
24 44
64 10
54 4
55 76
1 57
83 48
91 11
76 64
52 44
59 1
78 85
0 55
77 87
33 76
56 75
58 0
42 58
58 31
18 44
25 8
45 15
82 44
82 6
63 58
88 74
46 29
58 5
22 86
71 1
95 73
71 15
82 30
66 49
97 32
31 77
98 24
84 95
81 94
76 85
38 86
89 77
15 9
68 86
67 62
17 90
36 34
87 27
95 38
47 45
18 28
67 72
85 81
87 59
59 86
39 80
38 0
24 68
13 20
87 45
15 58
10 14
30 29
94 35
53 84
73 46
80 0
49 21
43 6
48 69
21 34
86 38
71 96
95 64
14 6
49 14
25 26
18 36
10 85
30 14
19 0
60 87
68 87
81 68
31 43
69 90
26 48
76 65
88 15
72 21
43 3
33 80
26 31
1 58
31 59
50 30
29 71
28 42
89 57
83 8
50 13
8 58
60 31
59 15
14 44
21 95
22 80
99 85
25 51
91 18
6 38
21 61
28 84
25 53
40 38
27 59
75 47
99 12
64 84
94 97
45 47
40 13
63 60
59 51
67 72
48 89
74 66
97 44
36 80
35 97
81 91
61 23
24 57
33 30
4 34
57 7
88 64
96 73
66 0
6 95
39 94
1 47
29 20
13 3
44 38
39 90
87 67
57 89
86 64
37 18
4 69
8 60
87 52
53 73
54 83
14 81
34 96
8 40
87 67
85 77
85 82
15 51
31 79
28 68
