16 79
19 46
88 61
34 64
54 81
33 87
27 61
70 97
16 40
7 45
90 39
46 67
30 52
12 38
59 96
3 1
83 77
64 13
59 92
71 66
73 97
55 36
20 75
33 75
23 29
60 42
97 47
76 17
53 72
20 86
16 25
44 90
95 38
67 47
55 91
76 83
54 6
75 70
24 79
50 9
78 96
40 35
93 55
86 8
78 52
57 20
33 55
15 69
95 86
57 92
73 95
28 66
5 32
7 69
63 30
53 28
81 63
75 28
23 27
52 40
89 74
90 95
33 52
56 39
8 5
30 18
36 22
65 37
51 67
36 35
22 27
26 3
80 16
65 83
25 72
33 92
47 73
57 92
64 23
31 76
68 83
54 10
96 41
37 92
59 67
86 26
48 21
40 80
32 9
77 87
65 48
42 13
60 56
64 51
39 59
19 91
57 72
33 55
34 37
53 36
42 89
81 26
49 14
89 43
41 93
16 50
39 64
15 94
10 65
88 31
29 6
89 77
99 89
71 22
25 8
73 49
86 19
80 44
62 21
79 85
85 16
90 73
1 45
4 36
95 67
9 53
66 51
93 61
29 16
79 42
73 36
9 14
97 78
85 75
18 74
11 6
90 94
79 47
69 98
81 43
54 98
75 60
14 34
7 80
63 34
2 33
75 51
29 60
87 19
62 77
9 52
32 13
27 43
94 53
23 74
74 62
40 30
74 53
30 11
91 13
25 60
92 75
58 35
16 50
46 92
48 27
55 21
16 86
77 43
89 66
33 15
94 45
84 27
25 56
65 50
25 77
88 72
65 1
42 15
11 29
44 83
82 63
41 88
18 83
66 6
82 15
5 72
74 89
26 57
57 84
32 39
40 32
98 16
13 71
44 35
74 8
29 38
78 45
42 85
13 97
33 44
66 19
34 13
66 30
86 20
30 9
38 46
25 9
18 3
23 32
74 55
49 12
91 75
14 57
31 85
66 99
59 33
65 91
45 58
10 39
29 44
44 28
19 55
52 48
17 8
28 93
71 51
36 69
36 41
7 42
7 14
25 99
6 18
10 67
89 71
61 37
66 30
66 29
7 66
13 31
81 9
24 49
68 79
18 82
79 80
46 96
98 13
93 81
45 73
35 70
82 36
69 11
49 36
34 55
59 96
87 79
69 13
47 89
95 15
69 27
81 4
48 44
60 6
92 70
28 71
74 52
32 17
28 62
79 92
90 7
30 39
8 87
22 60
33 93
39 47
11 26
77 93
12 34
46 98
32 66
48 21
36 87
44 94
91 58
31 92
11 13
0 76
58 56
23 90
57 60
21 79
89 0
51 87
96 69
31 75
6 72
80 25
61 37
49 63
62 46
61 94
77 51
14 72
78 65
68 39
65 18
83 31
34 84
99 30
34 10
59 43
30 73
8 89
97 26
8 36
64 79
38 24
8 68
43 1
60 96
97 79
67 84
3 8
32 84
58 62
96 76
99 84
40 52
29 84
55 31
7 6
43 84
37 72
87 22
51 93
79 42
63 47
16 98
49 92
17 12
47 91
19 44
46 4
87 6
50 9
93 23
32 15
93 93
82 93
39 38
3 55
69 98
61 9
64 27
83 52
82 57
27 21
10 45
24 50
17 2
55 2
93 95
27 57
67 16
42 10
92 59
50 78
12 72
68 34
34 24
31 37
35 47
4 25
83 40
22 90
20 17
76 94
84 99
62 2
1 35
28 77
74 90
12 72
81 78
34 54
87 5
49 77
40 17
65 37
52 41
86 35
45 35
90 85
26 74
7 44
83 70
32 13
53 22
34 56
64 65
93 34
52 69
47 22
13 12
39 95
34 19
27 19
92 79
48 39
82 21
90 85
24 54
54 70
97 8
54 70
41 0
53 72
27 80
71 67
89 47
0 33
17 6
14 21
48 14
83 88
54 27
1 47
53 23
43 32
77 19
43 2
39 13
0 66
16 55
93 24
93 79
66 85
25 88
13 1
87 43
38 92
80 41
58 33
86 20
90 51
70 24
62 52
76 80
68 75
57 2
75 20
65 7
72 49
18 6
19 71
67 15
65 15
65 66
76 95
91 65
32 40
88 43
69 8
22 86
33 94
92 88
15 33
69 36
55 59
59 31
85 92
69 13
0 49
21 63
28 1
24 52
16 13
47 23
51 70
66 87
17 85
99 70
32 22
53 14
73 78
49 53
29 2
25 66
52 23
27 84
17 67
61 43
2 19
31 69
20 55
84 46
86 7
60 59
11 59
84 24
90 34
24 20
29 94
55 41
76 91
1 72
7 25
61 14
94 34
59 72
21 93
3 68
51 48
60 96
62 36
52 62
80 90
24 41
25 8
30 47
40 46
93 92
58 23
41 14
9 7
60 53
89 65
9 64
37 68
86 9
96 57
31 29
1 40
25 12
15 33
43 0
57 13
60 35
91 93
1 94
6 44
58 87
89 4
68 87
75 55
96 49
42 47
14 33
52 11
6 52
65 39
6 87
14 10
62 50
85 11
97 87
89 23
85 39
47 84
69 65
13 29
16 24
66 72
16 58
10 28
48 42
99 80
83 41
15 95
95 8
21 42
1 93
11 18
9 1
85 71
20 97
39 46
79 71
23 53
39 59
29 81
39 49
31 58
26 29
37 19
22 70
33 60
8 23
99 3
65 20
87 39
16 23
58 58
49 14
1 59
69 0
79 27
99 98
47 59
7 0
7 1
81 24
91 26
31 94
25 85
62 32
27 82
39 60
81 17
66 0
13 72
79 18
72 22
20 8
19 14
81 37
25 59
42 45
87 81
70 97
41 68
9 34
15 7
87 64
0 40
33 34
34 26
97 25
31 86
97 52
49 7
61 65
40 44
46 1
11 15
13 65
44 56
52 46
82 70
17 62
84 9
96 79
68 3
35 8
56 76
28 62
3 69
11 20
43 4
73 18
13 2
32 38
5 52
39 44
25 79
69 27
16 73
33 56
12 33
61 23
95 74
47 25
40 82
15 73
70 87
34 77
41 97
87 27
13 58
92 94
31 21
3 67
21 13
93 77
93 62
58 8
5 66
91 53
49 73
9 41
37 73
83 85
65 3
57 52
63 10
65 23
88 66
30 69
1 44
28 73
31 52
67 1
57 2
36 20
77 22
48 11
37 42
38 3
23 42
7 42
63 38
51 9
8 70
19 57
74 41
61 5
43 82
48 18
63 32
57 15
68 89
45 12
41 6
24 22
10 81
89 1
33 43
46 28
64 31
91 32
99 18
18 56
71 12
45 12
15 39
68 25
26 18
60 47
66 41
1 16
19 4
11 0
6 21
14 42
27 2
84 66
49 50
25 31
58 14
90 83
86 67
19 92
20 66
45 93
70 92
32 89
1 11
28 92
89 36
23 4
62 47
54 6
71 12
83 93
33 16
34 30
24 63
31 12
77 75
68 2
95 97
51 67
4 86
54 0
39 53
44 93
91 50
19 41
29 82
24 67
26 90
19 33
87 73
92 78
85 66
84 65
57 33
60 31
36 25
19 21
86 62
54 74
36 76
41 66
28 63
88 60
60 92
31 41
81 8
61 2
65 48
35 46
82 73
32 91
70 76
76 27
40 61
61 10
13 3
5 50
18 63
14 45
19 26
51 82
21 44
4 55
60 71
51 86
80 87
43 43
37 67
93 97
93 72
13 15
96 61
19 36
30 86
47 46
52 81
74 88
4 57
15 66
78 9
45 65
67 81
37 75
30 79
97 15
75 89
62 29
59 60
71 41
1 4
68 14
62 23
54 30
32 19
99 86
88 12
52 38
73 90
65 34
3 2
30 11
32 2
27 17
34 62
9 89
21 18
59 58
22 5
25 88
59 7
28 24
53 50
62 98
72 85
77 20
74 13
90 82
87 33
66 67
47 42
28 47
49 62
40 73
26 96
80 19
13 23
10 47
97 38
81 81
52 32
95 30
87 5
94 7
9 5
37 90
56 55
14 52
29 5
37 84
0 42
27 51
33 40
88 48
9 75
70 30
39 98
12 80
80 16
10 32
9 38
37 23
76 47
37 83
46 80
40 2
32 45
30 51
3 95
79 39
68 43
9 93
79 83
19 45
55 72
30 45
11 84
33 57
20 69
54 29
99 85
46 64
68 83
5 95
55 22
0 59
18 73
66 95
91 51
18 90
8 44
29 11
84 95
27 13
95 29
8 49
96 49
55 66
86 86
87 69
30 59
4 37
96 45
29 36
72 98
39 70
61 51
36 34
42 91
25 62
1 79
65 12
58 73
35 23
57 1
1 63
47 36
50 60
32 19
1 51
0 56
56 34
0 31
35 57
43 52
68 5
3 23
71 94
84 48
26 80
46 20
87 73
2 55
97 5
56 39
80 89
62 17
75 17
72 3
26 0
91 62
4 98
23 45
99 10
50 37
67 0
80 55
41 40
40 79
76 7
56 65
40 33
23 9
4 16
18 99
33 21
33 1
45 84
15 81
37 16
45 34
7 8
15 62
47 75
11 39
20 91
47 74
17 12
