50 79
54 2
1 17
72 50
1 54
69 93
85 32
44 63
10 10
31 17
74 65
62 53
27 78
26 13
54 16
38 71
99 84
1 80
40 66
2 26
38 9
76 70
75 42
72 46
4 97
13 21
45 28
26 61
6 92
58 9
76 57
92 51
41 86
92 10
12 41
22 54
89 76
1 65
27 91
99 40
3 96
87 46
0 73
43 73
39 77
27 48
49 18
37 45
2 1
11 67
5 98
58 8
61 13
28 21
30 10
1 81
25 5
93 30
15 61
93 45
81 89
54 17
32 79
82 27
99 69
54 84
49 70
76 26
59 6
54 40
11 68
50 4
82 79
19 62
76 94
52 7
45 13
16 59
89 73
97 99
3 31
1 45
19 32
98 89
74 7
57 72
7 51
86 87
43 70
5 22
40 59
64 17
34 60
63 67
62 71
56 38
47 50
16 22
89 40
86 9
23 54
35 22
62 54
13 72
36 91
71 74
42 81
69 45
12 39
1 93
96 25
29 23
86 19
44 39
16 95
30 70
46 89
30 82
23 18
35 72
76 49
86 1
20 66
11 89
97 16
80 1
78 64
86 4
65 60
43 71
59 8
56 59
6 44
4 63
18 93
88 39
71 13
32 9
86 65
94 90
31 89
70 82
37 63
30 31
20 55
90 51
83 35
19 1
92 45
99 31
76 13
40 25
87 13
15 84
65 38
26 55
14 17
54 10
8 6
29 25
46 52
78 95
99 44
38 21
15 82
73 68
5 50
28 22
78 75
45 7
49 62
76 98
71 21
63 43
33 26
46 14
91 53
13 39
20 80
71 48
11 6
33 79
84 23
14 53
24 19
92 6
73 20
82 29
49 12
47 98
96 29
51 90
33 60
85 7
69 3
37 17
42 62
35 56
98 64
31 15
62 91
34 96
50 77
14 37
22 34
69 75
54 38
75 17
1 37
33 6
11 79
52 63
22 89
83 7
10 49
44 76
19 69
69 83
27 3
70 74
83 60
9 25
39 82
46 98
54 38
76 70
82 90
36 57
95 55
65 95
21 99
83 4
81 24
8 53
29 88
20 64
86 52
95 26
54 39
28 34
69 49
52 77
93 59
37 76
58 25
85 5
39 44
10 71
21 89
11 15
87 95
62 67
75 73
71 32
48 96
18 1
53 17
12 64
61 58
39 64
35 21
59 74
47 31
52 84
73 91
21 1
74 1
30 14
86 44
29 60
37 85
38 75
32 51
24 86
81 68
23 5
37 97
23 56
2 45
69 56
61 18
0 90
70 57
51 38
73 15
14 42
83 19
85 36
58 86
40 53
50 80
67 83
69 1
25 59
67 56
20 3
97 87
19 84
26 63
57 75
91 97
12 29
21 17
15 99
41 86
88 91
43 35
84 17
58 40
66 17
47 71
63 41
19 76
39 73
70 96
75 33
42 62
32 95
25 84
21 54
78 43
20 50
9 11
55 68
21 18
24 8
89 83
89 26
90 59
26 62
72 43
99 20
23 79
31 98
44 26
57 19
63 46
64 64
99 38
18 96
69 67
64 2
42 91
86 81
28 4
73 15
37 36
24 47
57 11
11 15
33 37
81 23
76 74
32 85
78 88
87 97
35 48
67 21
69 7
42 68
9 6
48 12
84 55
75 99
20 14
26 14
24 85
11 93
21 8
89 91
50 75
68 7
74 80
24 5
3 23
45 17
35 89
71 52
67 89
42 28
50 41
78 11
87 12
69 63
61 82
41 40
22 97
3 61
36 47
78 84
84 72
16 93
95 73
11 57
50 69
14 54
37 3
53 77
0 48
6 99
48 98
82 14
79 93
63 1
22 94
91 4
27 37
69 35
40 39
50 33
6 11
47 69
33 12
17 38
15 24
74 42
59 84
54 11
12 80
20 1
30 91
70 35
89 7
57 49
71 94
22 41
11 36
97 69
43 1
52 36
25 57
56 64
30 94
15 52
54 21
78 10
12 41
38 95
65 52
96 77
55 74
41 61
52 79
17 17
35 37
57 4
62 38
34 45
16 46
3 76
45 56
40 75
11 37
1 93
60 54
3 33
10 80
73 24
54 21
25 50
28 44
12 58
1 3
23 33
2 87
76 77
28 38
76 18
96 5
82 88
49 5
88 99
80 35
97 52
52 52
7 36
2 78
13 33
22 0
3 43
59 90
1 1
27 29
85 93
55 60
17 94
85 75
69 27
66 95
72 15
19 42
13 83
95 20
4 55
83 90
22 96
84 90
33 45
67 40
36 25
39 19
58 45
28 14
21 7
96 76
80 74
70 39
25 34
64 13
81 66
9 44
89 84
32 15
74 65
20 88
91 78
52 85
41 58
9 82
23 29
49 55
12 73
26 33
26 39
32 98
20 95
39 79
14 67
12 94
75 29
57 7
83 48
59 30
19 9
0 49
85 23
34 71
76 11
19 30
28 12
69 5
77 26
83 86
42 41
28 42
36 65
99 72
8 39
12 18
54 90
19 33
50 87
14 57
64 74
16 45
10 74
75 64
97 95
57 73
81 5
71 75
5 16
65 3
63 54
22 74
31 45
83 61
26 22
10 8
84 32
29 3
54 13
75 99
66 21
22 88
4 97
58 1
82 47
56 33
42 34
26 17
46 73
91 74
17 31
34 48
56 10
44 43
35 56
49 25
25 49
42 96
85 87
96 93
11 78
44 73
71 91
80 31
80 27
9 55
99 24
21 93
53 20
82 49
29 33
32 22
27 8
88 68
62 20
50 14
25 77
4 11
44 73
3 25
95 79
81 32
8 43
31 24
61 58
14 13
80 74
21 98
10 11
77 88
73 7
7 92
98 36
93 48
51 28
31 2
69 53
92 81
48 37
49 48
49 75
42 76
60 84
67 22
92 61
60 89
88 30
80 48
91 66
34 27
82 11
33 30
29 61
66 19
23 54
47 34
37 77
82 21
78 99
15 89
8 45
34 41
42 75
72 65
17 96
96 72
63 80
61 70
82 66
34 9
33 50
92 12
58 18
87 45
36 63
28 91
41 70
98 99
3 95
76 88
30 78
54 52
13 93
26 9
22 53
0 27
47 12
37 8
26 43
21 18
75 51
99 48
25 97
65 92
70 50
44 55
40 80
57 10
20 47
1 99
88 27
82 94
63 70
98 42
75 48
83 94
32 80
76 9
39 42
83 98
77 68
83 68
1 94
92 6
4 41
9 52
4 77
62 37
46 50
42 60
20 16
86 5
41 35
30 49
83 37
75 68
55 13
58 22
87 59
24 40
49 13
35 41
6 82
68 69
61 85
65 40
20 49
77 53
4 2
57 73
1 2
42 67
68 84
60 74
17 9
25 29
7 33
54 33
82 37
37 40
39 79
84 53
25 37
81 96
55 37
79 12
89 44
51 6
44 86
34 43
95 90
2 28
94 10
31 61
36 25
76 52
7 35
75 0
26 89
97 30
92 70
69 26
23 56
51 5
80 27
52 41
40 39
76 42
58 24
22 12
84 51
2 48
59 99
69 4
67 33
30 29
82 63
98 71
31 18
61 96
66 83
73 77
18 43
6 49
83 23
38 74
30 35
39 17
90 45
59 57
40 52
92 15
88 49
24 64
53 30
42 92
99 2
85 86
48 12
25 47
46 59
20 27
54 21
82 90
91 90
88 7
53 80
38 51
72 32
27 16
82 76
93 48
35 63
61 0
62 40
72 4
61 51
91 48
25 72
4 79
20 18
97 35
30 39
92 18
97 84
48 0
56 95
91 28
99 23
37 11
72 77
96 2
37 92
40 72
53 70
84 41
68 85
14 12
43 70
92 99
23 49
19 82
64 81
84 81
13 71
68 72
11 21
16 3
55 11
6 31
3 81
39 42
23 46
90 7
12 69
11 30
10 38
59 60
79 12
27 62
67 96
35 34
57 28
65 11
53 69
90 86
88 98
65 29
41 62
69 15
9 48
0 55
50 69
13 58
19 17
85 71
47 65
45 5
71 72
43 76
77 1
84 56
2 25
93 59
42 34
84 60
87 74
13 95
67 24
16 58
54 83
29 57
75 73
91 90
97 47
93 60
30 46
31 93
55 26
31 66
79 23
27 62
12 69
82 85
85 60
29 10
67 16
36 43
2 23
61 56
28 67
0 71
87 75
39 74
6 80
28 65
2 36
45 34
70 7
44 38
61 36
67 89
93 70
57 29
12 20
98 31
38 30
23 23
86 97
70 70
62 56
8 12
96 80
11 19
91 13
11 8
45 46
71 96
14 59
21 0
88 72
2 36
53 93
91 82
30 28
41 49
49 42
66 12
78 30
21 53
93 35
2 33
94 20
73 98
29 45
92 10
48 91
99 58
43 91
80 19
91 16
31 72
6 10
71 12
62 31
61 33
38 4
10 25
93 95
28 51
50 12
77 66
71 56
70 73
66 22
1 23
69 80
73 97
53 88
35 4
29 35
42 86
8 74
34 74
60 39
49 80
41 98
93 81
5 21
90 22
57 28
74 21
32 9
58 75
94 23
9 61
28 58
66 68
62 51
15 50
45 96
71 63
14 25
59 49
30 4
84 8
4 10
28 57
12 64
68 19
49 81
85 94
34 92
58 91
80 28
36 69
99 73
55 47
29 71
40 41
23 62
79 59
43 52
31 15
9 71
8 3
86 48
64 67
26 92
33 36
53 49
18 53
1 20
52 1
62 30
3 73
94 23
81 68
89 94
58 96
56 62
9 30
89 97
50 17
14 55
0 74
91 45
57 76
33 83
39 27
5 86
93 38
20 83
94 85
44 96
94 75
79 39
23 64
27 88
26 27
41 13
86 38
85 38
56 17
74 19
11 52
67 41
94 43
78 41
12 29
23 65
94 4
43 8
64 30
78 32
45 57
15 66
48 23
44 62
91 5
4 16
61 32
2 86
65 5
38 34
48 5
59 2
23 52
9 75
29 15
43 63
2 83
8 54
29 85
86 78
84 43
31 34
69 20
83 92
70 50
9 34
12 19
62 59
53 62
3 86
81 68
99 31
34 86
60 48
34 76
52 62
88 47
67 0
38 59
67 92
50 88
96 53
0 2
97 72
95 54
19 86
2 31
44 9
84 97
43 94
55 9
94 46
74 13
20 15
97 25
52 98
85 35
70 99
68 46
8 33
70 97
79 26
96 10
88 89
69 89
61 6
75 91
16 45
12 46
98 15
97 19
96 14
94 53
66 24
27 76
56 85
1 34
77 96
64 37
57 46
13 81
14 33
35 90
35 33
50 29
73 36
47 4
29 91
74 52
22 11
81 39
15 57
92 89
68 82
26 6
61 82
47 69
74 63
66 71
85 32
41 59
86 22
82 72
37 7
93 15
37 49
55 79
79 1
53 31
72 81
93 39
59 11
12 93
6 51
25 93
84 83
49 74
39 16
27 44
19 20
26 43
47 30
37 5
54 21
94 3
44 53
2 55
23 6
19 10
76 59
23 8
94 86
41 28
37 36
94 67
23 79
89 75
47 14
98 16
98 5
7 97
70 66
80 31
9 23
89 47
18 13
65 65
97 88
26 17
49 28
22 49
13 84
7 31
71 0
39 72
13 96
89 49
37 87
76 6
56 6
49 16
94 82
79 39
24 95
23 79
9 49
8 62
1 22
12 43
50 54
47 34
89 24
76 40
93 58
34 84
18 18
68 2
2 33
80 2
18 25
89 72
19 91
71 39
15 99
75 88
13 14
71 85
61 71
79 93
58 53
49 93
98 77
22 72
68 72
13 87
41 91
87 56
77 77
88 71
99 41
41 21
86 21
14 37
49 6
50 13
45 17
45 58
81 17
58 70
90 10
9 53
4 53
90 41
81 41
94 51
81 29
97 7
98 51
37 67
53 17
83 46
68 66
35 30
33 63
1 49
27 54
25 56
31 26
78 81
62 81
14 58
1 95
36 57
41 83
92 9
89 47
76 87
8 83
91 26
71 22
14 44
2 57
40 80
30 80
70 75
84 34
63 4
51 90
94 27
8 3
22 62
25 89
1 5
78 26
4 52
27 92
70 31
9 67
95 38
57 1
94 32
7 40
14 29
4 56
10 49
21 61
60 51
73 28
75 50
88 49
95 46
18 19
12 34
3 71
81 33
52 98
84 75
59 74
99 70
82 83
68 36
5 14
29 98
97 94
85 49
83 49
71 8
70 9
93 54
76 31
87 70
4 67
49 0
0 50
69 18
23 16
58 11
81 54
10 50
77 11
60 74
4 90
33 28
97 48
8 70
80 37
89 75
15 20
4 55
22 82
5 1
45 55
41 42
4 45
42 83
41 85
4 42
94 3
37 96
93 8
22 39
4 54
86 74
70 24
39 61
49 23
74 36
86 16
24 10
93 50
54 38
34 79
24 80
24 62
98 28
68 23
11 95
98 50
3 19
73 69
18 85
5 61
37 2
96 39
17 69
34 39
97 46
46 36
73 28
4 5
53 66
49 3
22 21
83 93
87 25
73 93
46 8
78 56
9 75
9 79
4 58
78 82
84 35
19 25
42 38
37 9
97 52
43 50
44 38
75 59
79 64
36 89
67 48
89 99
99 91
8 49
78 90
41 56
15 94
79 66
96 39
59 54
82 85
40 86
8 52
91 87
6 8
12 37
32 80
60 59
3 83
25 45
74 23
6 37
13 42
96 98
75 38
42 56
54 94
47 84
15 74
45 26
89 21
64 4
70 13
40 68
12 43
4 19
66 28
55 40
95 55
28 83
90 88
54 66
79 2
84 35
12 0
87 92
8 64
3 76
12 5
18 30
3 89
45 6
99 86
35 51
0 10
77 63
29 52
95 10
81 61
91 57
48 99
27 69
26 25
27 59
67 27
9 53
79 7
24 64
31 24
91 20
25 74
98 39
89 70
65 10
41 16
84 80
51 54
11 80
39 50
47 78
82 59
60 81
69 4
1 35
22 46
1 40
58 75
91 31
2 98
96 95
67 9
67 25
52 89
85 51
29 53
87 45
14 25
89 61
56 20
20 16
44 0
10 3
74 74
8 43
11 65
20 33
54 42
56 32
23 12
91 76
33 37
59 59
91 98
43 74
49 56
41 23
40 15
26 40
77 21
17 67
33 82
33 55
55 15
19 25
81 40
72 52
18 71
51 6
16 26
34 76
47 39
36 24
26 30
26 85
92 99
30 14
91 38
32 3
49 83
5 84
46 33
36 83
38 14
71 88
33 67
73 55
40 58
30 42
27 61
16 72
71 49
15 49
50 27
43 47
37 34
76 8
46 29
23 73
69 58
75 66
27 27
6 39
73 31
25 86
11 37
69 42
17 77
84 24
14 31
28 36
78 84
14 82
83 14
37 61
16 87
35 84
58 89
76 87
52 4
47 53
49 65
90 3
31 46
33 43
62 70
77 14
21 10
13 78
36 15
86 25
39 46
3 70
90 82
23 1
5 85
62 20
22 29
86 35
0 16
7 30
46 10
84 32
73 15
51 20
19 8
38 47
85 10
84 11
62 8
56 15
83 8
24 26
17 26
56 85
37 44
32 28
96 97
72 12
0 31
22 88
25 78
29 8
99 15
92 77
22 21
81 1
31 3
67 90
27 95
38 7
78 77
85 34
41 54
96 8
19 23
36 45
85 88
63 63
76 58
65 90
91 17
71 1
13 30
41 87
23 24
67 87
50 95
59 0
60 82
14 17
80 41
16 8
71 79
5 2
5 30
17 27
65 99
30 94
88 7
81 78
14 42
75 18
1 71
24 94
99 92
77 99
83 40
1 82
65 37
89 51
1 19
14 20
11 55
63 59
36 48
99 43
16 91
62 28
45 36
74 8
14 44
5 54
55 29
85 24
16 60
13 39
33 38
2 16
5 13
36 81
30 32
59 50
52 26
23 80
7 22
12 81
70 38
18 85
13 18
3 77
55 92
75 66
61 98
79 53
33 50
19 16
66 60
41 19
86 44
61 75
82 50
57 47
3 23
32 98
1 38
75 72
16 83
37 0
4 35
56 85
85 49
46 20
63 99
73 21
28 55
33 18
48 75
15 84
24 22
31 35
46 54
73 92
7 3
29 81
70 18
93 89
57 42
83 52
98 9
67 85
84 46
36 83
41 73
37 97
17 72
31 41
40 24
13 6
45 60
45 16
25 38
1 93
22 5
93 46
6 78
47 91
78 17
98 11
58 88
91 74
44 56
12 64
28 67
64 38
86 76
44 19
26 83
6 12
28 91
75 32
12 91
57 3
35 13
43 17
15 21
93 22
34 98
55 23
50 96
8 96
61 17
54 36
20 73
15 16
58 0
91 47
32 91
53 41
22 21
0 19
23 39
75 38
98 2
38 40
97 53
10 75
75 94
62 19
77 85
53 59
76 74
4 31
5 18
44 44
16 10
55 99
14 99
53 3
14 85
7 37
54 77
87 93
71 32
30 22
93 58
22 14
47 67
74 59
27 73
48 38
65 22
34 50
46 88
55 51
38 42
36 11
33 64
65 84
38 30
77 72
21 61
47 45
83 14
61 13
87 51
6 33
92 51
23 64
32 22
29 2
31 41
39 58
97 75
25 69
68 32
59 92
37 88
28 64
64 24
89 39
97 44
3 62
26 29
80 1
79 77
36 98
65 3
18 46
38 65
28 24
60 98
97 47
40 33
21 38
12 87
18 58
24 37
10 76
38 2
55 28
81 26
18 34
47 87
19 78
1 82
85 77
22 29
9 73
54 80
27 89
94 38
37 90
29 9
74 13
41 96
2 47
90 0
37 21
30 33
13 59
94 39
87 7
71 4
80 6
97 7
28 23
44 86
0 27
28 36
1 31
18 78
4 96
19 95
31 28
37 25
3 69
44 7
76 83
95 84
94 49
39 60
26 1
43 25
96 32
60 55
2 8
30 97
13 16
0 0
94 7
1 28
63 20
4 18
75 61
89 67
36 84
76 7
99 35
42 86
46 35
25 29
45 74
77 44
77 50
92 66
64 97
62 14
60 60
49 4
92 45
58 39
52 85
29 46
81 24
1 85
68 2
44 50
41 77
98 23
76 16
76 37
63 60
31 1
30 77
48 86
79 31
46 24
92 5
73 71
51 90
54 79
48 74
65 74
88 91
42 82
26 96
59 22
62 6
28 87
41 90
24 83
8 30
4 24
98 60
14 2
36 3
7 71
0 22
55 50
97 70
64 14
71 12
38 88
80 36
50 15
25 28
94 8
31 12
56 57
88 41
5 53
82 56
76 41
10 92
75 53
97 60
93 90
91 18
0 31
87 34
65 69
83 19
30 36
52 59
71 14
1 74
32 38
48 29
82 82
25 62
44 24
62 87
64 59
62 42
22 43
66 8
80 82
77 27
95 35
19 48
21 4
16 85
35 28
10 85
88 96
24 18
3 62
17 36
22 15
60 82
40 45
85 46
48 29
72 20
42 69
0 35
53 74
43 39
77 56
92 78
32 34
57 78
84 27
38 42
18 33
94 5
13 16
92 63
88 67
96 37
14 31
44 67
88 52
89 72
79 16
34 10
55 21
99 98
10 75
14 27
10 26
38 78
90 33
19 20
1 90
78 19
16 8
13 10
89 11
94 56
53 67
92 42
11 95
62 72
61 27
83 33
63 24
98 74
46 99
78 5
59 80
44 42
3 80
56 14
57 2
62 62
34 58
71 50
24 7
22 27
42 26
34 57
51 34
80 37
78 46
34 22
5 57
20 90
28 92
2 20
3 21
1 3
82 3
57 66
94 18
23 98
81 12
36 11
54 40
54 79
41 34
29 59
59 19
64 11
63 15
25 52
76 40
47 91
15 41
19 5
91 30
69 18
29 22
75 99
91 38
90 47
80 84
24 63
15 48
34 60
39 13
91 53
36 80
68 46
38 76
9 41
66 66
36 27
31 87
53 8
91 37
90 94
98 47
96 95
74 31
85 58
76 51
71 89
14 4
1 52
54 73
96 60
5 83
29 0
19 95
53 12
90 89
57 9
25 67
3 7
43 5
73 2
88 80
92 78
47 84
12 1
12 87
94 75
69 59
86 15
16 3
7 5
63 56
23 81
74 17
51 35
72 13
18 85
76 88
60 89
50 9
66 16
31 74
69 82
61 41
76 18
70 89
30 68
94 16
52 41
55 64
98 35
81 79
39 74
35 84
98 14
8 10
32 62
77 47
0 96
89 61
36 30
22 32
20 1
40 20
12 52
0 68
82 50
3 8
90 40
47 74
78 97
84 95
36 39
78 17
18 23
7 28
0 3
32 33
88 91
65 69
31 13
32 90
90 10
6 78
87 86
88 97
52 65
11 85
80 15
87 88
69 81
69 93
70 61
55 26
98 80
40 70
73 97
64 13
26 97
69 48
80 57
55 78
92 72
33 79
54 62
12 93
12 15
7 88
9 32
0 38
58 90
14 11
98 44
0 49
73 80
44 55
18 29
72 11
82 52
97 21
88 87
52 90
59 53
26 54
84 79
2 58
97 38
2 60
34 30
67 74
69 47
89 45
49 86
18 15
90 94
95 32
77 71
96 38
34 10
73 78
25 35
86 0
21 88
69 26
41 35
85 25
61 5
37 81
85 12
29 2
65 41
57 11
45 62
91 18
45 24
2 60
63 4
68 78
55 59
79 32
44 42
95 97
49 19
63 63
7 94
35 49
5 91
20 70
48 44
78 76
16 45
38 8
90 58
87 32
7 25
75 10
65 5
65 19
13 70
13 76
25 57
85 27
91 22
31 66
45 37
81 51
51 50
83 11
70 73
7 92
98 76
73 9
30 46
18 10
54 24
75 47
49 97
90 33
88 40
40 65
26 32
23 11
74 67
81 36
27 96
82 92
98 25
95 48
93 90
35 50
78 1
46 48
89 42
48 93
74 31
75 13
79 59
76 21
53 44
12 28
21 8
89 88
61 36
38 63
8 32
87 19
18 11
94 28
87 28
83 29
43 3
37 2
22 12
77 68
9 80
98 6
76 29
67 30
57 29
73 3
93 74
71 86
82 81
30 50
81 58
76 92
5 18
34 99
76 60
50 41
8 97
74 74
48 79
37 0
36 40
77 55
38 14
39 86
99 90
39 18
13 38
99 23
54 59
45 84
25 38
42 18
36 33
6 8
93 86
86 6
33 28
37 55
58 25
34 79
7 39
76 85
22 46
79 97
29 57
95 49
21 88
26 9
23 17
75 1
0 42
88 50
96 2
11 20
37 83
25 54
32 80
42 14
8 27
69 14
90 33
79 63
13 84
66 18
55 29
0 52
87 78
71 98
56 94
99 72
23 32
35 30
44 20
8 77
11 96
80 35
73 31
34 41
83 40
45 7
58 32
5 9
8 31
28 41
27 88
42 18
32 52
80 83
37 53
55 94
99 43
45 83
34 6
3 7
45 38
43 70
82 16
92 29
81 37
35 68
40 19
88 35
44 94
34 90
10 57
3 62
72 86
56 78
45 44
7 2
77 30
61 62
54 51
3 83
88 36
63 94
39 13
24 53
71 11
91 50
19 65
47 56
62 54
28 64
58 39
69 5
29 74
91 0
86 30
82 83
47 39
73 95
84 44
15 75
25 63
7 27
64 29
88 29
37 7
65 50
73 16
91 44
8 92
48 59
1 33
22 22
72 60
48 11
20 77
29 17
82 74
27 45
64 89
1 79
93 77
64 39
10 43
42 24
57 82
73 79
13 23
82 71
78 81
97 75
69 92
40 8
54 76
51 93
85 1
71 48
95 0
81 96
33 84
72 28
54 6
97 93
9 54
36 10
9 91
20 14
40 61
39 51
14 0
6 82
10 44
53 60
69 11
59 75
26 47
37 84
74 33
73 95
98 28
57 35
13 10
4 84
89 71
12 31
4 84
40 57
4 83
80 9
12 55
31 2
54 99
96 96
21 34
13 43
2 38
99 15
98 65
66 38
57 31
28 42
30 66
31 53
13 70
88 9
85 40
92 89
27 93
54 85
3 51
20 89
90 96
54 1
8 54
73 87
30 38
90 26
62 55
4 70
98 41
24 16
46 82
23 78
11 1
19 78
24 94
86 44
86 98
86 54
19 39
89 39
78 38
47 66
74 30
86 32
39 56
72 60
53 97
32 43
80 79
42 84
20 76
96 16
22 95
1 13
71 57
0 95
19 99
18 59
0 9
87 32
29 22
94 55
29 72
82 84
96 7
79 86
63 81
90 73
87 25
82 94
4 48
48 86
23 11
0 12
78 74
43 49
78 72
23 25
65 33
62 91
70 80
0 80
54 97
99 80
79 10
15 93
58 52
65 36
73 12
60 45
75 14
47 63
43 54
70 0
15 2
83 90
89 20
38 10
91 11
80 96
48 27
29 19
38 80
76 98
0 99
7 87
23 21
19 79
33 8
45 30
34 12
82 64
63 61
76 61
75 53
12 5
24 40
91 87
78 82
96 55
54 52
93 81
22 23
30 64
71 54
8 70
42 94
18 58
15 27
99 64
7 49
64 92
57 64
13 61
83 40
31 47
98 3
73 47
36 16
49 14
92 35
20 25
55 18
76 11
81 96
38 27
81 0
32 64
10 5
77 50
86 43
74 15
44 8
79 17
29 3
63 86
54 49
53 6
93 90
63 59
17 31
23 7
95 42
99 93
58 81
41 73
90 46
47 53
88 38
49 0
65 53
53 98
92 10
50 5
4 20
44 98
91 83
66 67
11 46
74 11
67 37
37 26
90 47
94 59
74 54
96 83
4 6
22 65
58 87
63 58
72 18
75 53
55 85
16 51
23 22
56 79
76 1
2 86
56 72
15 53
62 36
39 35
6 42
99 92
20 36
86 82
78 32
3 75
45 97
29 16
58 80
2 52
13 88
83 8
15 59
69 18
93 16
40 62
99 37
36 17
94 64
48 68
32 16
97 81
42 27
68 24
76 1
91 47
18 68
34 20
30 6
4 66
57 46
63 90
40 42
8 71
12 0
28 88
51 88
52 10
44 2
6 58
65 73
64 43
47 27
80 2
31 21
61 37
95 65
21 87
87 78
16 79
90 61
4 23
44 10
21 66
0 8
54 3
53 48
80 80
40 6
91 7
77 14
36 64
96 67
26 60
30 34
15 95
56 13
96 68
53 40
43 81
7 43
33 97
92 49
92 90
54 69
75 2
64 31
84 10
30 94
1 37
23 99
86 2
58 8
69 59
24 42
87 16
43 64
67 15
38 73
44 38
87 28
15 32
48 22
82 99
19 47
79 82
88 40
36 9
56 24
91 17
63 18
8 58
70 79
23 18
11 49
35 15
96 50
32 52
54 37
33 16
29 42
27 43
43 20
94 54
95 20
73 1
44 71
56 23
30 84
9 72
99 43
90 6
81 25
26 94
72 65
62 76
14 18
58 45
78 74
44 4
33 75
64 83
74 40
32 87
49 90
42 91
18 59
24 57
27 55
32 6
91 97
20 51
73 0
91 24
40 7
65 19
80 90
23 84
57 70
34 59
70 34
10 35
20 39
42 78
32 37
62 45
99 63
48 14
21 65
19 58
13 27
89 56
58 53
15 63
96 73
14 39
49 36
8 3
22 89
39 5
78 51
70 78
49 25
10 59
92 75
42 9
81 14
41 66
41 35
47 96
97 33
15 53
57 4
41 79
2 58
4 36
64 60
13 17
27 20
29 17
97 82
31 44
24 80
73 61
15 30
64 67
59 33
38 59
52 30
52 55
46 26
81 97
33 54
62 23
19 52
81 37
0 24
71 80
22 8
88 14
22 16
54 9
18 99
75 76
69 29
26 68
96 81
69 43
83 3
18 63
39 93
40 5
13 23
81 75
55 55
83 59
13 94
44 61
74 21
5 49
28 99
23 32
34 79
61 91
57 0
36 17
73 23
95 96
96 89
58 36
35 9
46 95
88 16
3 44
24 28
36 52
98 62
74 10
3 75
40 16
83 57
66 14
0 85
69 15
25 52
37 76
6 66
88 79
67 86
6 56
34 51
97 24
29 55
88 71
46 66
47 58
1 73
40 21
35 64
0 96
61 93
63 57
8 86
9 97
50 96
38 40
33 28
76 58
54 6
76 1
5 85
77 49
3 66
95 22
24 48
88 1
74 15
87 18
54 4
38 96
85 25
86 49
18 93
48 16
89 58
27 59
23 97
19 18
97 74
39 41
46 25
90 86
89 76
34 43
14 57
23 53
36 70
83 17
15 24
18 17
99 13
4 86
72 77
16 24
3 22
59 87
45 55
86 2
47 82
36 61
30 49
71 38
51 83
1 87
85 95
10 9
94 21
8 65
24 96
41 48
61 54
80 39
97 65
79 93
66 62
64 43
40 24
47 50
26 36
51 47
89 23
39 37
40 55
50 24
19 97
18 5
91 34
33 26
10 24
66 67
52 32
67 9
14 26
38 46
6 85
85 98
50 23
13 36
79 71
47 71
93 97
30 35
62 13
91 55
92 32
62 61
87 92
32 88
90 39
25 52
49 73
33 19
59 85
29 74
73 16
23 27
82 12
18 38
24 29
70 74
52 29
48 69
9 97
20 87
2 46
76 15
32 65
92 30
38 63
43 80
28 20
9 51
87 62
49 83
47 4
89 47
92 55
19 18
1 57
67 58
53 4
18 47
16 77
5 67
10 50
66 73
6 1
78 56
10 2
76 57
77 83
76 47
85 89
4 61
26 30
80 33
75 69
36 21
71 13
53 11
27 78
67 37
78 96
9 56
16 94
46 48
16 94
69 25
68 13
47 12
2 97
11 21
68 5
37 4
23 97
27 17
45 79
73 20
68 29
23 53
38 32
96 73
42 20
41 45
43 77
55 14
92 58
17 74
96 39
53 24
75 36
21 22
12 20
1 27
80 44
47 55
6 17
54 39
85 99
11 48
44 34
56 4
8 68
30 90
55 9
42 37
14 96
7 5
16 11
58 93
2 36
50 48
18 17
3 50
92 85
68 53
5 44
40 81
46 1
85 79
9 17
82 32
14 55
31 58
37 90
45 15
2 91
40 66
33 3
19 6
23 87
47 24
60 98
12 5
82 47
31 64
54 4
77 53
22 18
74 85
27 38
82 16
32 43
0 53
14 53
36 36
53 69
50 70
39 62
11 32
76 87
87 41
14 46
88 74
42 41
99 67
30 3
16 16
28 49
18 27
55 9
75 27
76 78
89 46
40 34
59 11
4 21
46 91
18 23
3 33
22 63
3 95
30 68
52 63
38 84
96 58
47 88
19 64
99 16
53 48
26 51
40 21
91 68
44 33
56 18
61 25
30 82
61 10
4 91
81 98
63 46
99 89
14 74
2 22
46 37
2 89
93 21
59 67
7 34
20 35
53 52
62 79
78 44
87 58
62 94
92 24
13 81
78 77
48 54
56 77
90 50
71 87
65 83
48 51
77 9
90 78
98 13
0 13
98 18
69 1
50 6
24 41
21 95
83 89
37 54
98 29
17 83
33 45
6 87
94 35
38 6
11 81
13 93
52 9
34 24
68 11
42 91
46 42
0 38
6 37
37 0
72 75
64 16
39 4
72 47
74 43
8 25
47 48
20 56
25 47
51 69
56 70
48 48
46 14
9 54
48 45
0 89
45 6
19 84
46 22
87 80
91 93
93 82
33 92
6 33
81 94
55 83
8 8
7 15
39 73
91 37
85 82
46 89
74 38
15 73
50 66
43 10
70 67
8 49
18 36
86 26
72 86
8 76
41 96
58 66
61 32
40 38
64 27
27 36
74 56
70 57
54 80
61 61
62 4
20 49
50 16
82 5
75 15
84 17
46 87
75 10
78 94
31 52
41 72
60 70
50 31
50 29
38 57
95 28
76 9
47 95
56 13
9 47
26 74
41 26
24 76
93 27
39 27
19 72
46 54
95 66
33 3
69 69
88 96
66 76
40 13
52 83
36 86
83 96
80 10
49 74
78 3
16 33
23 60
46 34
81 20
13 5
8 1
61 76
61 77
27 6
45 8
83 97
31 3
84 99
90 3
2 23
57 88
12 47
28 15
31 1
58 63
63 3
87 52
1 72
60 25
28 87
68 15
68 73
89 80
28 74
91 93
99 51
81 60
17 59
14 79
46 87
62 85
55 12
37 44
20 59
58 43
87 62
48 48
87 2
97 46
27 7
48 17
95 23
9 62
95 27
62 97
11 90
84 4
39 88
50 26
96 66
70 11
87 74
10 54
32 61
52 68
57 23
48 71
60 27
78 15
46 80
12 43
26 63
57 79
90 54
43 9
56 69
50 90
7 70
73 2
15 78
57 99
98 82
4 77
9 99
63 14
34 50
59 20
44 46
89 15
84 39
88 97
40 35
62 15
97 99
78 94
92 69
21 97
59 47
16 57
78 67
13 3
56 4
23 60
95 99
27 95
96 11
17 90
40 50
75 34
36 49
24 57
8 38
64 68
46 52
43 58
47 6
87 70
42 16
18 20
96 34
24 47
4 34
16 53
64 16
69 76
36 8
68 79
81 40
9 64
36 31
70 57
16 49
14 80
18 24
9 87
79 82
43 12
79 16
64 5
32 26
91 75
73 4
90 13
52 17
89 11
34 25
68 88
29 80
66 44
46 73
23 10
89 96
53 4
61 60
31 35
84 24
70 86
91 64
93 38
78 63
75 83
78 10
70 85
19 39
22 50
84 79
42 99
56 80
98 90
22 48
42 17
41 74
69 66
98 22
74 94
57 95
83 68
74 98
63 8
60 46
34 67
90 58
6 24
90 94
93 39
30 58
48 29
69 27
29 89
70 44
16 50
79 12
99 56
57 36
60 12
81 48
63 70
22 29
48 20
86 82
30 5
58 7
89 7
21 21
30 38
79 39
64 69
11 4
85 93
62 78
65 13
59 74
77 83
3 49
20 12
83 7
42 19
4 82
99 78
66 78
27 9
97 46
49 43
68 77
9 63
59 78
37 55
84 8
16 6
20 14
69 91
43 55
33 53
69 73
32 70
50 75
80 43
29 11
64 25
84 60
80 96
47 61
92 79
98 86
62 56
95 52
64 73
5 96
82 64
89 6
32 35
75 76
27 23
45 48
89 62
74 1
50 34
58 87
7 84
55 32
38 53
47 95
64 71
25 87
46 47
61 79
72 21
20 96
41 14
15 74
63 98
2 64
74 32
24 55
14 98
29 21
6 99
28 47
54 56
7 71
49 10
47 22
11 5
12 5
9 22
5 45
15 69
80 5
16 87
9 67
68 13
7 83
38 76
22 79
42 32
39 14
94 10
13 3
34 59
69 93
52 1
85 85
64 8
36 63
50 41
73 57
82 14
24 0
80 75
45 0
59 27
57 30
21 78
54 64
85 13
46 1
37 14
17 85
23 10
14 31
53 85
48 34
96 48
34 9
45 0
82 22
93 34
13 56
15 90
61 79
27 97
91 25
2 6
3 11
23 28
74 89
80 48
58 42
1 88
36 30
63 64
11 29
25 36
7 48
0 35
32 26
85 30
92 12
59 28
6 29
57 12
24 69
57 76
64 92
49 5
82 38
34 94
45 36
27 50
23 82
71 12
58 87
38 65
25 68
29 12
54 8
8 9
25 59
84 24
24 70
85 95
4 63
62 63
32 33
90 82
25 54
1 33
95 47
59 45
82 43
72 35
43 56
49 56
11 94
70 60
63 94
41 18
14 19
30 49
49 10
35 38
30 79
33 54
35 25
76 10
99 14
55 52
32 81
44 55
7 4
99 61
70 85
8 95
13 7
58 82
38 96
69 82
64 26
56 44
98 47
40 96
32 9
55 63
51 62
12 69
86 63
90 18
99 39
99 41
43 47
11 34
45 87
93 40
9 83
93 78
76 7
27 64
85 8
87 44
92 48
66 54
98 72
44 31
72 16
86 33
33 14
21 19
9 51
63 34
91 26
81 85
53 2
7 73
43 78
40 20
9 59
73 63
81 15
28 81
44 47
31 73
95 70
35 3
37 91
26 80
56 15
92 96
49 32
1 7
8 9
78 22
27 83
62 75
18 63
55 59
30 70
89 31
54 93
2 89
3 48
87 88
27 97
9 59
16 1
92 15
98 3
40 98
34 44
80 66
76 41
44 33
52 55
34 35
84 52
13 62
78 99
9 64
11 9
21 98
7 80
85 4
11 89
2 37
55 37
36 72
5 94
20 83
57 43
3 71
11 31
33 85
66 53
9 43
2 3
23 18
0 15
11 78
97 15
86 6
72 96
62 58
36 84
51 2
29 45
51 25
73 37
69 66
3 65
66 86
71 87
52 66
80 84
88 34
50 12
13 22
6 51
77 83
17 95
76 61
48 11
95 77
92 32
2 22
24 18
13 84
6 21
87 66
28 36
28 67
88 34
90 71
42 75
30 0
76 65
44 73
62 55
74 97
39 26
16 51
32 35
41 53
11 85
45 91
55 23
64 29
2 19
18 59
30 76
56 60
93 16
10 33
83 35
53 23
34 52
74 96
24 41
99 73
6 78
86 88
8 0
24 5
72 60
84 66
88 29
16 71
60 26
35 77
23 5
83 18
45 62
45 74
1 64
59 21
91 21
73 85
65 29
55 70
89 69
6 18
27 83
93 73
21 89
22 21
26 58
77 7
23 96
36 19
59 72
16 96
86 86
83 87
69 68
66 96
31 9
80 17
31 55
64 99
0 90
84 94
69 25
71 41
70 78
32 38
30 97
27 99
56 33
27 9
95 50
84 51
21 70
79 14
11 95
60 44
73 96
36 67
58 8
88 36
65 19
88 87
75 78
99 53
83 73
62 47
17 43
66 64
99 86
11 2
45 95
71 65
97 65
3 24
34 73
80 32
9 52
69 99
88 56
37 78
64 40
15 73
10 51
56 90
22 50
95 16
80 81
10 76
42 3
53 94
6 61
21 2
80 61
15 49
31 75
32 90
80 52
23 40
14 81
57 82
92 6
56 76
56 48
15 59
30 7
89 16
76 80
41 45
75 82
69 93
94 83
65 66
25 46
93 7
97 78
61 82
66 18
93 6
49 63
82 22
63 25
60 74
18 78
28 18
70 75
83 32
39 64
79 9
13 82
46 83
99 23
85 36
76 37
79 83
36 59
62 31
63 25
53 33
67 34
95 79
30 15
54 9
52 37
4 19
34 3
38 86
89 65
5 44
11 1
62 86
19 76
64 52
28 94
61 32
58 1
77 42
25 99
14 16
59 28
93 24
34 75
0 47
1 91
52 68
69 64
61 48
7 89
88 9
44 42
87 91
93 36
3 87
84 79
71 86
15 27
60 81
68 48
37 39
36 24
47 2
0 39
4 39
36 76
25 88
42 95
8 7
71 61
89 84
80 91
71 97
72 67
41 38
12 27
64 84
27 91
70 66
2 54
97 13
11 19
23 3
38 66
8 23
60 4
10 35
36 91
9 76
50 43
27 41
85 68
34 77
72 21
24 6
89 92
13 34
34 67
55 97
28 23
74 23
56 31
31 4
23 54
43 24
69 29
3 64
29 15
74 62
37 46
37 68
92 91
3 72
39 76
81 43
92 85
39 7
23 8
43 45
95 46
45 87
13 95
13 74
63 31
85 92
16 70
26 88
54 37
24 17
60 70
56 4
58 62
42 20
57 73
23 12
91 45
28 56
30 50
84 36
91 34
43 34
39 97
35 64
5 75
75 33
63 9
57 40
70 76
28 13
86 0
78 16
27 56
76 4
4 6
8 4
30 58
31 64
32 2
95 26
20 1
26 26
47 88
51 7
88 44
84 87
70 97
1 34
71 35
12 9
15 79
30 69
14 28
5 70
25 98
63 93
91 26
25 18
7 76
31 90
20 62
3 52
38 46
44 33
7 53
73 33
44 53
90 8
60 51
62 85
9 33
86 18
94 24
93 76
9 9
45 64
90 18
53 98
12 98
50 13
67 44
31 12
69 15
11 63
0 25
42 89
40 23
1 11
17 45
54 41
80 27
32 37
39 83
9 25
17 36
52 98
99 18
33 28
35 58
82 73
83 32
89 36
10 92
71 79
0 66
11 68
80 6
56 10
21 82
51 43
10 17
73 9
99 44
99 43
87 10
43 34
35 6
53 60
75 95
50 23
99 15
73 57
69 89
38 78
42 95
72 78
45 1
94 29
47 78
62 29
31 99
61 75
6 69
97 40
55 94
43 73
15 4
55 52
7 61
90 65
20 54
68 30
44 83
86 67
39 59
22 0
45 29
24 83
54 61
55 69
38 87
20 52
2 36
14 10
50 75
47 24
93 75
74 45
26 29
14 93
16 49
22 54
68 99
17 6
57 80
31 45
76 39
5 12
61 65
46 30
22 84
70 34
43 98
3 81
10 73
30 77
72 94
47 63
39 55
8 57
73 73
79 50
89 54
45 2
45 61
22 25
80 47
39 3
72 78
75 74
82 20
9 11
17 27
88 9
64 35
60 7
12 39
16 44
26 71
81 29
16 21
54 85
42 59
97 36
63 28
13 2
25 46
51 17
5 36
10 26
46 88
58 24
97 99
41 93
37 35
8 97
24 57
96 44
97 51
8 96
12 12
85 27
19 63
85 81
10 92
20 17
89 29
81 68
0 29
23 79
4 59
79 71
68 68
5 50
98 24
93 75
35 46
32 52
48 15
23 15
54 57
63 71
61 80
94 64
77 21
41 98
41 89
38 10
59 8
16 93
27 82
68 61
60 34
2 90
24 89
73 57
43 9
95 15
30 59
88 31
96 54
45 48
62 13
20 34
59 15
34 75
38 1
64 71
31 99
82 35
59 38
29 45
28 13
75 25
96 27
80 46
13 29
27 83
9 53
18 28
15 82
78 80
10 88
46 80
12 50
69 26
1 86
82 6
45 89
72 89
23 80
42 20
28 34
88 27
32 68
79 66
83 21
66 30
94 25
97 29
75 19
98 44
90 93
6 1
78 9
61 4
44 50
69 53
25 73
0 86
70 85
12 23
7 63
62 63
36 62
58 81
16 86
82 83
7 55
5 81
59 65
59 45
21 37
50 9
4 38
10 42
66 69
12 64
11 94
3 62
15 52
29 0
39 23
69 50
54 39
72 94
40 0
57 68
15 80
60 81
14 77
7 58
62 56
68 19
3 52
1 20
11 19
65 74
37 49
18 93
44 15
55 48
17 47
52 6
91 52
36 56
85 21
18 39
65 49
23 43
3 62
71 8
0 86
14 56
80 42
61 77
14 89
29 16
70 90
48 66
7 34
69 82
99 55
48 4
47 90
50 88
51 0
6 42
26 19
13 57
90 96
40 5
70 2
59 61
95 1
24 40
89 3
44 36
82 83
5 45
80 89
73 67
67 66
73 82
97 48
90 17
69 92
32 65
82 33
65 44
5 36
0 93
95 78
65 89
48 33
40 6
1 59
75 19
20 75
77 69
21 42
33 73
71 65
60 18
89 32
26 51
90 6
37 4
83 46
31 73
55 81
77 4
12 52
65 49
28 33
98 86
38 41
80 20
62 5
49 71
22 17
46 36
63 8
67 29
8 62
62 17
13 90
13 70
14 88
6 51
25 62
59 30
21 85
34 50
28 50
70 44
87 77
50 75
81 26
33 69
26 55
72 76
13 14
24 45
75 54
23 19
93 39
52 71
40 53
53 51
0 29
33 1
15 36
58 38
18 96
16 3
56 21
62 66
62 55
85 47
96 48
59 73
98 60
14 31
64 59
49 36
26 90
18 51
6 22
77 95
96 42
72 23
20 24
27 0
50 38
21 42
7 60
19 27
86 8
89 38
66 21
95 49
70 65
19 13
56 31
72 42
22 39
64 61
69 35
17 84
80 38
56 74
74 27
31 23
23 21
60 98
76 60
55 24
11 10
65 20
97 66
98 33
15 17
96 2
19 27
4 89
76 21
24 93
91 17
46 68
84 53
84 1
32 67
48 31
80 28
62 47
25 64
4 90
13 90
45 1
23 41
89 40
70 1
72 1
56 1
5 59
33 13
25 43
96 68
51 61
50 48
90 82
68 97
93 24
99 63
99 63
27 23
28 31
50 83
78 42
27 89
7 23
9 97
90 30
2 93
63 70
50 83
33 25
86 45
58 44
77 56
13 34
12 53
32 81
17 55
67 34
34 59
77 84
42 52
23 52
81 12
13 7
88 30
86 53
40 84
87 85
95 44
56 77
26 85
73 2
85 61
70 79
0 92
94 91
39 16
45 8
29 23
13 19
88 12
17 21
52 33
55 79
85 57
0 25
82 5
45 7
55 29
24 56
17 72
63 22
88 75
84 39
6 2
38 43
91 64
99 97
15 78
27 50
63 41
28 64
22 39
33 95
40 74
8 86
77 55
79 83
30 38
7 36
40 91
84 81
51 81
84 58
86 41
26 55
25 33
92 85
60 81
12 66
2 33
75 4
32 64
27 78
51 65
55 95
59 36
41 95
5 72
91 63
52 15
37 73
83 85
89 28
34 28
16 81
22 26
16 22
74 29
19 66
88 4
79 28
87 87
82 77
42 5
21 44
68 27
27 49
66 4
23 78
90 79
33 27
61 29
68 64
55 76
18 7
29 22
68 60
48 94
14 77
97 96
41 50
20 11
29 53
84 20
1 94
98 8
12 20
62 70
71 99
27 74
